# 8 real 2048-sample traces, one sample per line, decimal signed
-672
-626
-591
-507
-633
-589
-554
-538
-518
-524
-563
-657
-664
-602
-696
-599
-630
-711
-655
-584
-701
-665
-673
-614
-556
-502
-636
-622
-669
-704
-627
-673
-660
-531
-557
-607
-537
-619
-578
-559
-638
-551
-650
-645
-669
-614
-648
-606
-527
-611
-550
-627
-610
-557
-623
-464
-628
-560
-585
-558
-642
-597
-635
-489
-652
-703
-542
-615
-527
-650
-523
-711
-540
-578
-728
-609
-609
-555
-535
-550
-617
-537
-625
-679
-540
-572
-694
-643
-578
-546
-697
-539
-575
-556
-508
-562
-430
-105
430
648
1117
1312
1539
1904
1913
2315
2366
2540
2613
2912
2916
3178
3086
3277
3311
3502
3530
3698
3787
3716
3810
3936
4070
4010
4072
4199
4257
4426
4337
4480
4480
4526
4459
4612
4624
4579
4715
4675
4573
4704
4635
4546
4619
4724
4722
4693
4692
4640
4769
4632
4628
4798
4770
4829
4675
4697
4898
4956
4897
4939
4944
4980
4867
4960
4892
4997
4910
4831
4928
4945
5011
5028
4937
4964
4957
4764
4872
4936
5000
4844
4795
4752
4786
4775
4863
4733
4676
4886
4675
4880
4785
4726
4863
4906
4909
4820
4865
4752
4820
4777
4848
4736
4904
4712
4660
4710
4589
4524
4697
4769
4800
4733
4705
4648
4681
4629
4548
4461
4523
4448
4534
4565
4444
4508
4449
4445
4485
4517
4465
4342
4233
4338
4228
4278
4157
4112
4084
4124
4055
4087
3905
3991
3768
4023
3902
3914
3690
3794
3749
3768
3670
3590
3563
3587
3623
3656
3667
3671
3652
3608
3578
3523
3410
3535
3447
3375
3432
3466
3494
3447
3523
3398
3344
3264
3385
3401
3395
3357
3202
3227
3243
3277
3178
3128
3130
3130
3103
3046
3075
3043
3127
3097
2955
3072
2891
2887
2891
2848
2943
2757
2864
2911
2661
2754
2813
2749
2769
2607
2733
2733
2697
2758
2639
2710
2626
2540
2649
2709
2530
2710
2597
2614
2733
2524
2639
2522
2506
2397
2496
2395
2365
2378
2324
2416
2277
2288
2216
2254
2282
2298
2242
2365
2206
2193
2207
2110
2205
2149
2134
2042
2103
2092
2077
2116
1986
2074
2148
2172
2051
2060
2053
2063
1924
1977
2145
2014
1936
2029
1930
1948
1915
1950
2010
1987
1905
1868
1846
1840
1720
1818
1777
1760
1689
1736
1689
1614
1662
1633
1619
1595
1596
1573
1659
1639
1596
1553
1640
1712
1638
1441
1584
1485
1553
1448
1595
1493
1408
1493
1462
1377
1518
1520
1407
1484
1385
1405
1397
1415
1487
1380
1469
1374
1381
1568
1488
1349
1438
1468
1424
1295
1363
1338
1391
1335
1304
1269
1251
1242
1304
1298
1283
1271
1319
1189
1235
1243
1183
1255
1208
1210
1115
1094
1156
1080
1157
1125
1143
1122
982
997
1083
1020
1051
1014
915
870
1027
956
977
929
1011
882
1024
952
1046
782
928
779
884
855
857
877
882
864
856
901
863
963
819
843
779
870
887
913
911
841
877
736
746
778
826
762
785
807
727
842
760
788
747
753
765
692
819
733
754
584
767
582
637
675
632
693
670
680
697
616
508
680
596
648
564
606
535
584
552
630
762
630
630
628
621
709
574
501
528
572
650
612
597
576
537
592
625
543
612
653
696
518
497
432
461
507
582
589
495
516
560
439
463
480
458
430
337
517
482
292
241
455
437
410
390
390
365
413
404
570
533
414
435
364
387
401
503
441
347
319
334
428
293
279
457
451
330
297
352
289
274
362
264
236
268
172
321
404
370
388
391
289
303
297
335
300
178
237
308
358
211
110
306
272
120
207
217
216
311
126
280
224
303
255
246
283
172
176
52
369
155
145
375
189
211
145
230
249
122
147
202
55
103
139
76
82
153
15
108
263
174
169
121
166
116
224
165
180
170
138
231
155
295
118
126
78
136
198
220
92
50
213
169
90
81
171
56
173
149
79
78
154
20
124
137
234
-26
-12
52
34
163
38
99
25
-53
54
106
153
53
-10
59
40
40
97
44
0
17
-35
71
-57
24
-19
-123
16
-22
-127
-2
-87
-43
-92
-55
2
-84
-2
7
-178
27
-16
-41
-82
84
88
-24
-74
-19
-160
-121
-134
-87
-28
-31
-84
-48
-101
-102
-6
-36
-100
-50
-136
-87
-73
-84
-168
-3
-96
-103
-205
-206
-160
-134
-164
-110
-93
-242
-205
-163
-127
-132
-113
-103
-139
-228
-191
-143
-253
-289
-118
-233
-176
-268
-132
-172
-106
-96
-174
-104
1
-91
-133
-95
-36
-158
-109
35
-132
-63
-168
-117
-135
-242
-102
-60
-194
-111
-103
-137
-108
-106
-126
-52
-166
21
-103
-24
-128
-70
-169
-73
-142
-142
-202
6
-294
-128
-131
-142
-188
-55
-216
-219
-194
-136
-176
-224
-182
-240
-151
-282
-190
-273
-128
-233
-166
-163
-127
-156
-122
-256
-213
-183
-162
-205
-161
-257
-146
-104
-229
-297
-194
-139
-141
-149
-158
-209
-120
-157
-292
-89
-228
-303
-195
-169
-276
-240
-285
-236
-263
-243
-250
-257
-192
-264
-177
-234
-163
-287
-182
-256
-280
-286
-291
-267
-256
-207
-188
-178
-235
-239
-175
-245
-325
-287
-181
-145
-250
-218
-264
-281
-220
-233
-304
-176
-305
-245
-332
-294
-261
-214
-219
-263
-351
-224
-357
-385
-143
-317
-245
-258
-282
-385
-350
-279
-189
-257
-322
-312
-211
-314
-178
-237
-368
-214
-277
-220
-234
-290
-295
-257
-375
-312
-298
-338
-446
-435
-451
-242
-274
-381
-413
-457
-439
-464
-379
-383
-304
-436
-359
-468
-458
-540
-514
-457
-342
-521
-536
-415
-407
-413
-534
-460
-511
-510
-403
-414
-428
-406
-417
-440
-416
-526
-424
-291
-514
-459
-443
-409
-334
-486
-406
-391
-397
-357
-386
-349
-424
-331
-314
-329
-292
-300
-220
-262
-251
-309
-200
-234
-305
-365
-283
-345
-320
-316
-263
-335
-354
-279
-272
-286
-316
-302
-354
-297
-303
-385
-374
-405
-370
-347
-358
-362
-395
-323
-282
-244
-276
-312
-188
-387
-294
-273
-279
-318
-303
-372
-366
-242
-233
-349
-333
-306
-355
-294
-314
-275
-347
-308
-277
-393
-331
-371
-356
-328
-333
-472
-369
-375
-360
-357
-367
-410
-448
-371
-401
-366
-470
-454
-276
-364
-476
-365
-392
-357
-448
-381
-415
-404
-479
-422
-429
-412
-445
-442
-481
-381
-523
-417
-412
-371
-495
-375
-367
-436
-390
-385
-368
-380
-407
-571
-600
-447
-475
-486
-428
-472
-366
-491
-513
-509
-390
-401
-444
-508
-615
-373
-485
-468
-463
-495
-486
-409
-436
-365
-571
-484
-444
-568
-484
-413
-379
-520
-505
-422
-487
-444
-559
-493
-412
-439
-463
-410
-530
-360
-488
-390
-489
-467
-507
-482
-534
-425
-528
-467
-505
-490
-508
-502
-497
-512
-513
-468
-535
-393
-569
-504
-496
-508
-603
-533
-536
-465
-497
-539
-584
-607
-482
-461
-537
-492
-594
-594
-485
-598
-626
-632
-560
-538
-542
-588
-595
-622
-619
-524
-576
-597
-611
-579
-592
-562
-579
-540
-555
-565
-560
-697
-676
-711
-611
-622
-616
-586
-564
-567
-574
-476
-618
-524
-623
-606
-574
-593
-678
-486
-606
-676
-567
-555
-656
-644
-630
-627
-644
-640
-661
-606
-610
-706
-673
-641
-675
-690
-691
-651
-605
-601
-623
-731
-664
-679
-597
-702
-496
-702
-635
-652
-582
-658
-553
-647
-564
-702
-653
-580
-668
-616
-565
-614
-807
-708
-757
-780
-629
-626
-674
-603
-546
-690
-654
-564
-598
-528
-656
-660
-519
-648
-626
-685
-611
-580
-670
-545
-545
-596
-597
-630
-514
-633
-573
-541
-482
-494
-574
-600
-487
-465
-486
-511
-586
-513
-554
-535
-492
-559
-549
-472
-625
-506
-602
-534
-512
-521
-451
-574
-566
-526
-501
-582
-499
-492
-585
-519
-546
-492
-670
-590
-582
-664
-593
-625
-575
-605
-628
-612
-690
-615
-583
-692
-648
-666
-531
-582
-636
-658
-661
-562
-632
-650
-586
-668
-688
-683
-681
-661
-753
-681
-562
-757
-713
-679
-685
-725
-637
-680
-601
-651
-673
-598
-816
-694
-684
-749
-709
-698
-648
-641
-688
-698
-692
-715
-670
-759
-742
-599
-744
-674
-709
-630
-587
-729
-639
-694
-709
-571
-652
-691
-610
-747
-681
-602
-746
-717
-704
-613
-658
-704
-690
-706
-631
-666
-687
-672
-696
-636
-683
-711
-684
-612
-624
-643
-744
-471
-672
-712
-692
-655
-634
-706
-640
-747
-705
-651
-678
-745
-579
-738
-693
-669
-630
-591
-712
-741
-635
-589
-715
-614
-708
-711
-789
-559
-616
-678
-658
-712
-600
-663
-702
-602
-653
-598
-618
-608
-714
-665
-494
-631
-636
-641
-579
-518
-585
-647
-670
-683
-657
-594
-626
-728
-637
-691
-593
-604
-679
-616
-601
-662
-607
-548
-618
-659
-626
-688
-673
-705
-654
-658
-737
-752
-735
-678
-703
-588
-652
-583
-699
-710
-740
-716
-649
-640
-695
-649
-620
-634
-622
-725
-706
-771
-655
-692
-705
-626
-704
-701
-716
-673
-624
-622
-602
-728
-616
-689
-676
-792
-638
-757
-583
-742
-779
-695
-687
-635
-643
-662
-661
-678
-685
-672
-743
-608
-651
-631
-724
-674
-625
-744
-697
-705
-679
-591
-609
-648
-641
-603
-642
-571
-582
-737
-711
-718
-743
-590
-718
-707
-644
-672
-660
-750
-645
-720
-669
-792
-644
-772
-725
-722
-646
-676
-652
-740
-633
-676
-639
-703
-608
-767
-599
-710
-574
-751
-571
-708
-670
-590
-701
-594
-695
-566
-772
-642
-740
-734
-557
-680
-630
-715
-712
-584
-724
-695
-621
-777
-710
-637
-602
-609
-702
-608
-684
-642
-687
-674
-638
-656
-702
-700
-603
-701
-600
-713
-584
-614
-605
-746
-719
-604
-769
-565
-642
-655
-648
-630
-610
-613
-681
-651
-651
-666
-634
-646
-761
-599
-609
-629
-715
-681
-646
-654
-448
-665
-646
-658
-593
-630
-637
-534
-684
-695
-596
-542
-632
-644
-754
-632
-575
-625
-581
-614
-728
-723
-604
-623
-637
-630
-648
-644
-661
-522
-612
-554
-575
-543
-527
-453
-518
-622
-556
-577
-549
-454
-627
-486
-500
-621
-613
-687
-492
-569
-604
-544
-603
-619
-720
-499
-539
-609
-647
-476
-525
-541
-527
-550
-637
-552
-640
-679
-632
-575
-508
-627
-633
-641
-611
-567
-608
-708
-641
-545
-653
-607
-590
-637
-541
-529
-513
-672
-509
-655
-660
-581
-595
-656
-611
-619
-579
-603
-588
-574
-530
-663
-686
-558
-614
-657
-625
-809
-605
-583
-689
-702
-682
-683
-619
-726
-587
-591
-598
-658
-689
-735
-763
-695
-720
-690
-661
-605
-672
-626
-687
-762
-708
-677
-595
-643
-640
-627
-661
-698
-663
-705
-686
-646
-746
-684
-680
-731
-672
-710
-730
-664
-766
-739
-759
-735
-603
-775
-706
-664
-689
-663
-649
-653
-713
-753
-714
-804
-704
-778
-747
-796
-800
-813
-723
-737
-734
-709
-663
-656
-708
-684
-659
-738
-684
-700
-681
-658
-744
-736
-758
-602
-708
-694
-619
-674
-719
-747
-679
-684
-709
-577
-643
-659
-667
-607
-679
-626
-651
-605
-759
-663
-685
-711
-725
-627
-726
-671
-664
-641
-735
-700
-658
-551
-741
-664
-661
-735
-670
-602
-619
-726
-648
-602
-561
-648
-612
-614
-670
-669
-607
-740
-560
-722
-707
-616
-665
-633
-612
-602
-761
-657
-692
-606
-724
-664
-694
-707
-701
-747
-655
-589
-674
-635
-678
-737
-652
-564
-665
-744
-719
-592
-596
-633
-742
-657
-552
-651
-659
-656
-790
-666
-581
-777
-652
-600
-810
-796
-619
-693
-681
-637
-691
-742
-669
-567
-718
-639
-655
-676
-665
-705
-645
-636
-566
-616
-708
-698
-609
-720
-770
-682
-708
-636
-621
-506
-599
-644
-681
-729
-727
-721
-626
-697
-606
-686
-592
-753
-667
-536
-611
-625
-771
-576
-573
-1018
-957
-1084
-933
-1012
-1141
-967
-1047
-989
-1064
-1055
-1042
-1038
-1069
-1031
-1065
-959
-1000
-1004
-955
-953
-1031
-933
-986
-859
-878
-821
-887
-910
-954
-908
-943
-893
-938
-911
-845
-820
-886
-792
-886
-924
-926
-953
-772
-960
-868
-934
-897
-946
-992
-889
-936
-839
-848
-949
-779
-958
-959
-803
-888
-758
-977
-880
-881
-851
-873
-871
-843
-849
-841
-959
-854
-893
-921
-881
-863
-770
-922
-779
-929
-954
-943
-948
-941
-924
-897
-973
-936
-973
-869
-904
-955
-876
-940
-718
-610
-244
206
630
1013
1464
1901
2383
2867
3196
3559
3929
4405
4785
5223
5602
6000
6189
6479
6694
7059
7287
7442
7881
8022
8238
8438
8466
9005
8966
8877
9274
9340
9404
9467
9742
9984
10001
10250
10298
10393
10386
10673
10887
10828
10686
10928
10838
10852
10785
10868
10877
10905
11207
10933
10975
11089
11193
11269
11513
11313
11477
11196
11220
11307
11223
11141
11252
11230
11267
11207
11354
11223
11419
11189
11132
11265
10982
10981
11072
11157
11167
11192
11101
10998
10941
11034
11131
11265
11095
11081
10909
10563
10892
10888
10729
10678
10765
10819
10552
10616
10734
10838
10566
10640
10589
10536
10631
10519
10437
10208
10170
10320
10237
10024
10230
10023
9951
9920
10033
9987
9567
9815
9821
9479
9632
9707
9550
9348
9213
9322
9362
9287
9527
9349
9208
9185
9057
9001
9152
8814
9010
8939
8653
8744
8741
8735
8623
8490
8546
8376
8374
8231
8173
8232
8024
8091
8031
7978
7910
8000
7789
7863
7800
7831
7735
7803
7660
7632
7434
7403
7538
7343
7312
7389
7235
7335
7374
7181
7089
7044
6973
6922
6854
6861
6870
6747
6680
6747
6629
6698
6670
6627
6749
6576
6509
6530
6401
6476
6430
6425
6416
6243
6251
6205
6371
6321
6219
6308
6322
6143
6117
6167
6193
5950
6055
5962
5759
5760
5670
5637
5710
5535
5379
5393
5561
5356
5451
5404
5329
5333
5183
5345
5233
5150
5165
5086
5007
4894
4964
4944
5205
4858
4966
4913
4945
4975
4921
4929
4848
4822
4741
4668
4655
4582
4564
4629
4502
4633
4333
4479
4427
4500
4366
4366
4314
4445
4443
4329
4291
4261
4243
4269
4140
4112
4024
4093
4037
3992
4058
4049
3959
3973
3851
4073
3925
3907
3882
3832
3861
3763
3870
3682
3679
3643
3643
3513
3626
3663
3578
3322
3413
3438
3426
3392
3393
3319
3368
3380
3294
3249
3238
3206
3123
3193
3151
3082
2996
2998
2884
2934
3043
2946
2966
2930
2738
2968
2828
2820
2875
2776
2775
2805
2800
2878
2809
2902
2891
2809
2754
2755
2798
2836
2821
2745
2760
2759
2712
2776
2623
2596
2639
2533
2474
2454
2524
2493
2380
2654
2525
2392
2355
2196
2334
2157
2291
2309
2284
2358
2270
2293
2343
2237
2335
2210
2181
2098
2086
2092
2042
2044
2081
2044
2083
2046
2042
1974
1909
1953
1915
1965
1919
2093
1962
1970
2024
2046
2008
1928
1999
1862
1936
1885
1916
1945
2030
1841
2035
2005
1914
1965
1920
1785
1924
1927
1879
1880
1958
1835
1928
1845
1833
1944
2039
1932
1945
1796
1940
1910
1775
1794
1980
1878
1822
1799
1878
1694
1732
1750
1775
1732
1675
1772
1675
1665
1634
1679
1639
1627
1748
1618
1651
1562
1616
1532
1502
1453
1518
1576
1538
1577
1500
1370
1527
1367
1512
1418
1432
1431
1433
1347
1347
1353
1448
1290
1354
1237
1369
1337
1300
1239
1327
1287
1389
1359
1456
1333
1287
1180
1202
1195
1210
1302
1173
1190
1154
1181
1192
1187
1204
1092
1088
1086
1235
1110
1150
1280
1278
1145
1079
1104
1126
1044
1145
1099
1152
1057
1113
1124
1017
1204
1146
984
1051
916
987
1030
967
969
886
916
860
879
954
901
911
938
858
801
832
963
900
804
881
833
785
1012
895
806
871
805
735
813
855
779
783
726
687
690
797
798
713
599
733
705
772
752
821
758
807
731
658
764
737
716
804
793
804
681
745
704
767
624
628
624
661
737
720
720
641
596
613
706
616
651
668
640
660
499
501
617
448
596
589
652
472
539
443
292
504
384
382
473
381
293
438
330
499
497
460
364
396
375
412
368
361
347
393
456
204
258
349
382
262
233
190
252
233
230
177
286
193
149
139
188
203
219
185
193
145
64
134
85
51
91
58
121
58
138
183
141
57
103
84
57
119
79
148
101
116
1
40
107
-15
-43
28
22
-24
-50
89
-41
34
46
-116
4
33
26
30
7
24
45
-20
41
-14
110
79
46
-50
39
173
110
-56
47
-3
-1
17
23
106
-5
-59
60
-119
6
130
159
85
-64
98
87
57
-48
-51
1
-108
-77
-135
-68
-128
-205
-40
-88
-206
-37
-65
-42
-53
-112
-109
-129
-132
-191
-37
-146
-188
-205
-132
-117
-109
-167
-114
-92
-96
-39
-156
-140
-110
-122
-50
-49
-121
-77
-66
-81
-155
-215
-96
-124
-124
-180
-84
-9
28
-108
-84
-111
-141
-88
-64
-195
-166
-114
-126
-116
12
-39
-94
-80
-116
-152
-78
-112
-239
-232
-94
-99
-56
-175
-118
-112
-239
-236
-190
-197
-227
-223
-220
-179
-282
-243
-178
-285
-325
-213
-224
-260
-254
-216
-322
-259
-357
-304
-248
-400
-342
-260
-279
-302
-260
-367
-463
-338
-311
-361
-337
-437
-342
-410
-435
-215
-274
-333
-228
-282
-217
-314
-358
-291
-323
-181
-406
-300
-206
-308
-236
-313
-330
-322
-330
-247
-419
-394
-382
-418
-317
-378
-400
-430
-380
-422
-402
-359
-421
-454
-331
-266
-417
-514
-304
-295
-384
-452
-428
-412
-351
-379
-312
-351
-379
-256
-335
-346
-338
-376
-290
-406
-306
-210
-428
-279
-279
-256
-340
-344
-298
-348
-411
-356
-447
-343
-470
-382
-477
-400
-377
-498
-482
-440
-542
-375
-414
-344
-368
-371
-355
-342
-401
-405
-336
-436
-350
-335
-392
-393
-427
-377
-337
-328
-345
-394
-442
-435
-397
-381
-350
-346
-443
-364
-354
-390
-289
-337
-343
-486
-379
-265
-373
-354
-266
-338
-399
-308
-355
-435
-372
-244
-368
-422
-363
-348
-422
-455
-320
-367
-328
-474
-308
-457
-436
-450
-471
-420
-458
-478
-414
-597
-473
-503
-388
-484
-428
-437
-379
-431
-603
-540
-525
-422
-560
-516
-521
-459
-512
-521
-611
-598
-588
-508
-588
-468
-514
-499
-570
-551
-510
-565
-556
-497
-600
-556
-536
-625
-554
-635
-538
-546
-519
-529
-482
-625
-527
-410
-510
-551
-426
-557
-569
-428
-540
-475
-507
-475
-467
-467
-556
-580
-584
-553
-583
-664
-394
-517
-599
-621
-644
-543
-494
-479
-521
-500
-663
-632
-564
-520
-528
-580
-769
-614
-547
-542
-581
-682
-801
-577
-731
-704
-731
-617
-645
-729
-599
-687
-703
-649
-771
-656
-756
-687
-653
-658
-654
-748
-780
-713
-744
-758
-744
-757
-615
-738
-721
-784
-827
-833
-714
-790
-784
-759
-877
-763
-813
-847
-762
-817
-824
-810
-765
-805
-614
-751
-816
-906
-774
-742
-769
-852
-750
-796
-651
-778
-796
-745
-787
-890
-833
-848
-833
-706
-765
-673
-762
-727
-721
-757
-671
-742
-772
-695
-758
-634
-638
-670
-615
-730
-696
-731
-791
-661
-685
-625
-752
-615
-699
-711
-730
-798
-886
-763
-734
-773
-894
-674
-751
-902
-872
-793
-799
-817
-764
-836
-793
-776
-838
-833
-692
-847
-792
-825
-719
-788
-843
-695
-767
-747
-808
-721
-787
-777
-802
-734
-786
-766
-841
-834
-795
-745
-741
-802
-810
-899
-803
-820
-764
-870
-755
-853
-822
-944
-817
-913
-764
-867
-850
-827
-873
-855
-767
-802
-762
-826
-672
-762
-831
-731
-742
-802
-816
-822
-830
-869
-854
-686
-762
-754
-852
-956
-826
-770
-865
-945
-860
-917
-900
-817
-859
-956
-776
-767
-887
-845
-883
-943
-775
-916
-879
-784
-844
-822
-800
-809
-795
-853
-908
-1014
-801
-753
-839
-800
-864
-769
-803
-808
-780
-795
-814
-826
-790
-843
-901
-883
-751
-879
-931
-798
-806
-893
-916
-953
-899
-940
-898
-811
-857
-877
-797
-926
-808
-875
-831
-862
-929
-876
-915
-792
-814
-819
-791
-805
-807
-871
-856
-842
-753
-692
-818
-868
-820
-787
-855
-817
-863
-813
-791
-846
-806
-836
-873
-754
-781
-791
-720
-790
-752
-842
-721
-811
-863
-845
-874
-885
-805
-878
-865
-836
-818
-752
-893
-780
-826
-829
-784
-806
-950
-778
-876
-837
-1095
-801
-921
-916
-952
-813
-834
-930
-917
-872
-861
-736
-925
-814
-1022
-933
-823
-862
-815
-773
-852
-957
-899
-908
-904
-944
-813
-1005
-975
-779
-1029
-1012
-866
-883
-913
-899
-989
-987
-921
-927
-985
-947
-920
-1094
-1028
-904
-1009
-972
-964
-1004
-982
-1018
-974
-1026
-1004
-854
-971
-976
-920
-1069
-1050
-1047
-1009
-1062
-1033
-998
-911
-1046
-917
-983
-975
-989
-1016
-1000
-1067
-1021
-981
-1067
-944
-990
-994
-1142
-991
-999
-1041
-1027
-933
-1042
-1009
-945
-945
-1045
-977
-969
-957
-1054
-1089
-1071
-1016
-956
-1085
-935
-1044
-1090
-1064
-1012
-951
-1007
-984
-1118
-997
-884
-1002
-1146
-942
-1023
-978
-1041
-888
-1028
-1011
-1020
-1025
-1063
-991
-1060
-1143
-1106
-959
-999
-990
-1058
-1052
-1079
-993
-970
-990
-994
-1019
-1015
-1085
-948
-892
-1001
-986
-963
-971
-943
-953
-1066
-879
-941
-1057
-929
-1022
-967
-979
-980
-919
-975
-989
-967
-985
-1068
-1013
-964
-1038
-1091
-937
-1058
-1067
-1031
-1011
-969
-1056
-864
-1017
-903
-1088
-998
-992
-1069
-1061
-1049
-1102
-990
-975
-1003
-976
-1090
-1011
-1051
-1071
-1154
-1028
-1047
-889
-1058
-1052
-1006
-1042
-1065
-1095
-1119
-1102
-1085
-1092
-1033
-1012
-1073
-1140
-1132
-980
-1010
-967
-1057
-1002
-1072
-1059
-1121
-1068
-1157
-1049
-1090
-1010
-1092
-1059
-1059
-1033
-1168
-1152
-1141
-1103
-1055
-1099
-1099
-1117
-1102
-1222
-1058
-1151
-990
-1171
-1042
-1052
-1010
-1118
-1146
-1048
-1117
-975
-985
-1009
-1040
-1214
-1060
-1011
-1056
-1163
-1033
-1058
-1132
-1124
-1090
-1110
-1090
-1086
-1143
-1165
-1016
-1086
-1047
-1186
-1054
-1171
-1071
-1179
-1037
-1078
-1069
-1008
-1082
-1007
-1172
-1122
-1016
-1032
-1208
-1044
-1085
-1118
-1126
-1122
-1164
-1084
-1116
-1132
-1140
-1148
-1145
-1107
-1161
-1005
-1100
-1121
-1071
-977
-1017
-1200
-1080
-1044
-1164
-1124
-1111
-1111
-1126
-1057
-1113
-1087
-1049
-1082
-1054
-1040
-1110
-1128
-1027
-1079
-1031
-1003
-1094
-1113
-1166
-1006
-1092
-1012
-1120
-1084
-1065
-1103
-1044
-1012
-1025
-1078
-1056
-1070
-1070
-1005
-1104
-1206
-1071
-1199
-1137
-1016
-1175
-1067
-981
-1142
-1052
-1140
-1100
-1055
-1035
-1045
-1055
-1041
-910
-963
-1074
-964
-1120
-1038
-1025
-1042
-938
-955
-979
-1011
-943
-976
-973
-972
-915
-922
-1022
-1092
-973
-1051
-979
-1093
-1018
-1111
-943
-987
-1012
-910
-1027
-1028
-955
-1035
-1027
-1018
-1005
-967
-1136
-999
-966
-1092
-1108
-1025
-1087
-1074
-1072
-1039
-1091
-1096
-1085
-993
-1117
-1043
-1145
-999
-1069
-1129
-1082
-1112
-1098
-1056
-967
-1049
-1074
-971
-1117
-1102
-1116
-1057
-1112
-1131
-1056
-1059
-958
-1115
-1056
-1046
-949
-1030
-972
-1097
-1007
-1098
-1026
-889
-987
-980
-938
-1102
-1047
-1068
-1134
-1068
-1052
-958
-1026
-1133
-1004
-917
-1032
-950
-1057
-996
-1072
-1090
-1098
-1067
-1017
-981
-913
-1076
-1063
-921
-1086
-1109
-1092
-1115
-1120
-1029
-1055
-1054
-1041
-1080
-1151
-978
-1082
-990
-947
-1113
-985
-1103
-1031
-911
-1081
-1007
-1019
-1019
-1149
-1040
-1035
-1145
-967
-1144
-1139
-1063
-1018
-1030
-1171
-1077
-1002
-1116
-1094
-1091
-1167
-1047
-1061
-997
-1137
-1049
-953
-994
-1081
-1103
-1081
-1060
-1097
-1021
-1005
-1018
-1068
-1127
-1032
-1139
-1032
-1035
-1131
-990
-958
-1107
-914
-1134
-956
-1104
-1063
-1089
-1001
-1106
-1087
-1001
-1161
-1148
-1032
-1099
-963
-1051
-1085
-1032
-1121
-1045
-1153
-1046
-1072
-1041
-919
-1058
-1055
-1043
-1046
-1080
-1139
-1047
-1075
-1130
-1155
-1086
-1083
-1112
-1021
-1161
-1118
-1173
-1099
-629
-699
-686
-666
-704
-685
-708
-751
-689
-706
-610
-630
-752
-702
-650
-680
-721
-562
-704
-754
-566
-676
-677
-662
-711
-707
-705
-633
-631
-680
-769
-722
-687
-656
-641
-823
-755
-627
-724
-763
-707
-721
-909
-685
-770
-792
-702
-632
-568
-697
-670
-820
-740
-733
-644
-732
-727
-726
-737
-778
-742
-733
-713
-704
-644
-736
-683
-735
-662
-679
-596
-734
-693
-691
-629
-771
-730
-654
-722
-685
-683
-719
-700
-671
-776
-628
-805
-738
-723
-800
-732
-717
-729
-723
-657
-480
-45
304
655
1055
1538
1966
2263
2588
3125
3475
3930
4273
4643
4828
5249
5707
5962
6137
6221
6607
7025
7291
7352
7699
7980
8048
8343
8507
8662
8814
9161
9263
9323
9621
9805
9957
10272
10065
10218
10256
10442
10460
10525
10731
10729
10783
10881
10968
11178
11234
11274
11090
11060
11310
11200
11201
11380
11235
11272
11180
11310
11179
11191
11222
11239
11502
11450
11561
11357
11532
11627
11373
11734
11454
11810
11782
11450
11475
11669
11560
11388
11567
11468
11536
11676
11634
11405
11328
11451
11368
11429
11281
11455
11678
11635
11371
11417
11548
11333
11233
11084
11222
10996
11134
11059
11095
11053
10979
10899
10883
10875
10990
10648
10886
10719
10799
10617
10587
10583
10559
10485
10569
10316
10203
10321
10089
10090
9810
10002
9945
10007
9950
9826
9649
9716
9508
9573
9503
9327
9414
9373
9237
9241
9162
9185
9067
9107
8918
9014
8975
8979
8938
9037
8912
8922
8638
8671
8593
8654
8510
8531
8421
8341
8289
8259
8013
8121
8063
8007
7907
7918
7760
7847
7528
7707
7635
7491
7494
7469
7547
7414
7267
7333
7336
7321
7089
7174
7166
7050
7065
7096
7043
7004
7027
6776
6814
6962
6880
6777
6691
6560
6738
6647
6420
6384
6532
6473
6385
6378
6245
6259
6286
6313
6178
6119
6248
6299
6181
5882
6098
5779
5798
5773
5716
5710
5796
5611
5641
5573
5602
5693
5384
5516
5330
5276
5320
5426
5333
5226
5300
5337
5245
5278
5172
5095
5005
5118
5056
5216
4867
4998
5019
4992
4987
4870
4882
4938
4900
4835
4918
4650
4870
4738
4682
4862
4708
4895
4743
4670
4689
4660
4712
4582
4721
4532
4502
4450
4465
4570
4527
4350
4282
4344
4330
4235
4216
4430
4299
4322
4266
4288
4275
4224
4220
4056
4092
4156
4030
4031
3924
3802
4005
3908
3813
3807
3691
3854
3784
3841
3761
3643
3596
3511
3574
3554
3627
3536
3691
3559
3522
3532
3488
3412
3411
3657
3452
3404
3408
3340
3303
3279
3220
3268
3134
3151
3130
3217
3122
3086
3089
3028
3181
3033
2952
2922
3118
2877
2957
2917
2942
2818
2830
2778
2796
2862
2865
2708
2888
2841
2826
3061
2819
2874
2849
2850
2879
2823
2855
2790
3004
2863
2774
2708
2861
2709
2741
2785
2790
2725
2711
2696
2716
2650
2652
2677
2696
2704
2698
2504
2608
2670
2642
2568
2541
2490
2471
2467
2510
2683
2350
2462
2417
2357
2384
2393
2355
2363
2422
2395
2399
2436
2463
2308
2336
2297
2359
2236
2232
2306
2235
2162
2327
2185
2224
2181
2094
2217
2111
2111
1924
1995
1935
2006
1858
1859
1911
1922
1826
1942
1916
1847
1931
1736
1802
1741
1792
1740
1660
1783
1736
1704
1562
1693
1653
1700
1714
1619
1650
1664
1628
1661
1705
1685
1655
1571
1728
1631
1685
1800
1652
1665
1687
1666
1688
1668
1675
1740
1719
1678
1701
1541
1562
1476
1619
1492
1489
1372
1456
1373
1458
1429
1381
1367
1380
1230
1286
1190
1281
1355
1261
1331
1251
1263
1236
1182
1203
1197
1202
1064
1217
1328
1126
1261
1184
1098
1120
1253
1254
1212
1068
1095
1056
1167
1107
1012
1001
1066
1071
941
1024
843
903
993
958
985
1002
918
891
994
966
915
922
1011
1023
966
977
935
957
1025
1028
980
905
1018
919
942
931
948
950
965
927
911
908
943
983
861
1016
926
938
901
856
849
927
1018
976
974
1070
894
875
976
1020
949
912
893
968
995
857
1016
882
945
863
1051
891
933
863
852
834
925
750
897
789
804
817
863
830
737
758
849
782
626
702
660
785
648
757
757
735
797
652
613
693
717
843
750
666
674
664
810
723
688
622
659
605
590
697
646
650
640
626
611
673
495
657
632
669
626
593
570
530
543
469
476
593
393
536
576
303
359
475
446
522
476
564
508
581
439
431
417
489
447
439
462
349
444
426
543
464
592
512
566
507
597
525
685
541
528
600
552
594
585
660
660
747
744
688
644
726
685
747
802
790
689
735
784
719
690
826
739
739
671
747
553
799
707
752
719
771
676
686
686
644
593
675
628
608
646
611
656
638
578
636
589
690
808
675
577
703
639
675
657
802
687
775
679
710
641
605
652
640
584
673
548
731
522
526
529
577
546
541
561
465
351
340
498
463
525
542
443
464
515
505
507
547
461
496
500
534
440
587
491
475
527
512
502
503
326
456
394
435
451
429
409
395
443
567
449
413
376
412
433
315
369
340
342
379
329
270
296
371
277
316
339
295
190
345
214
346
340
341
308
280
220
228
186
193
224
162
163
189
39
217
216
142
169
164
130
-8
160
41
84
173
139
94
96
-34
15
39
4
44
-37
156
-31
176
-26
63
15
18
-43
115
34
-59
63
-69
21
2
28
67
-33
28
46
41
99
104
0
61
-25
33
3
-2
14
-127
12
-17
-23
-9
-59
-68
1
-49
-112
-91
78
-59
59
-5
-81
6
-4
-32
-62
-60
-77
-150
-31
1
-48
-37
-56
-209
-166
-73
-166
-234
-193
-21
-105
-246
-196
-114
-152
-200
-224
-246
-298
-274
-237
-267
-191
-253
-263
-219
-203
-210
-225
-302
-282
-286
-221
-325
-236
-182
-294
-258
-279
-265
-294
-234
-278
-390
-284
-314
-256
-220
-291
-242
-343
-338
-304
-369
-422
-389
-331
-368
-296
-429
-342
-360
-399
-401
-343
-329
-266
-419
-246
-246
-308
-296
-319
-390
-410
-395
-400
-310
-313
-394
-424
-386
-411
-347
-399
-423
-447
-449
-415
-327
-319
-305
-266
-455
-436
-405
-398
-398
-335
-368
-395
-454
-360
-384
-406
-334
-448
-381
-486
-407
-373
-351
-382
-576
-496
-387
-492
-395
-510
-460
-459
-563
-473
-508
-508
-498
-526
-565
-432
-398
-441
-438
-452
-444
-406
-412
-471
-479
-371
-494
-262
-351
-429
-390
-347
-422
-389
-395
-416
-517
-529
-448
-492
-581
-555
-502
-440
-458
-448
-505
-572
-490
-526
-528
-606
-538
-469
-513
-505
-533
-534
-561
-429
-634
-539
-571
-502
-605
-644
-528
-543
-486
-562
-425
-492
-520
-484
-521
-527
-495
-471
-547
-480
-469
-487
-484
-487
-523
-585
-607
-613
-499
-630
-587
-685
-561
-463
-594
-477
-613
-560
-594
-510
-670
-548
-549
-663
-655
-617
-556
-546
-493
-503
-514
-538
-605
-571
-582
-648
-614
-476
-551
-526
-501
-571
-510
-487
-537
-493
-448
-542
-539
-511
-518
-517
-598
-483
-588
-540
-582
-602
-638
-555
-546
-490
-612
-458
-444
-592
-606
-581
-548
-457
-566
-611
-677
-573
-703
-613
-634
-620
-685
-573
-672
-725
-614
-594
-603
-586
-635
-685
-694
-731
-674
-696
-772
-605
-773
-697
-643
-673
-726
-740
-796
-644
-589
-572
-670
-632
-734
-686
-647
-673
-650
-594
-676
-538
-669
-666
-595
-652
-593
-633
-588
-777
-672
-559
-686
-658
-691
-716
-616
-760
-585
-677
-712
-623
-617
-692
-726
-734
-613
-742
-676
-682
-668
-636
-725
-706
-636
-636
-634
-665
-766
-715
-700
-692
-635
-626
-638
-580
-607
-641
-741
-610
-641
-772
-679
-703
-726
-676
-603
-692
-684
-648
-672
-741
-652
-653
-611
-751
-665
-659
-657
-650
-761
-765
-719
-768
-672
-780
-848
-754
-710
-699
-761
-748
-757
-718
-785
-798
-673
-705
-724
-860
-697
-794
-756
-726
-765
-767
-699
-764
-762
-772
-725
-778
-693
-681
-701
-813
-698
-836
-752
-696
-581
-736
-766
-709
-655
-727
-860
-685
-740
-760
-742
-804
-757
-766
-878
-706
-766
-710
-817
-751
-743
-788
-734
-859
-747
-721
-694
-740
-842
-772
-715
-744
-772
-787
-722
-773
-790
-766
-800
-714
-747
-784
-733
-736
-843
-830
-786
-713
-767
-709
-846
-705
-762
-739
-726
-746
-773
-698
-813
-691
-863
-783
-833
-830
-793
-779
-766
-835
-733
-673
-680
-731
-691
-652
-735
-779
-698
-698
-711
-819
-794
-692
-683
-750
-672
-776
-688
-596
-714
-698
-740
-757
-799
-705
-704
-769
-772
-708
-783
-780
-721
-869
-700
-866
-701
-785
-657
-772
-717
-707
-751
-863
-735
-724
-708
-682
-785
-799
-696
-788
-766
-746
-804
-792
-880
-754
-812
-717
-918
-850
-739
-752
-745
-734
-819
-804
-862
-838
-851
-930
-826
-856
-709
-978
-935
-935
-820
-768
-857
-774
-847
-905
-938
-841
-731
-898
-881
-819
-797
-797
-874
-934
-924
-975
-720
-952
-873
-890
-866
-814
-869
-819
-884
-915
-902
-993
-840
-899
-850
-800
-944
-856
-876
-962
-850
-851
-827
-888
-880
-907
-717
-729
-796
-789
-794
-811
-759
-810
-906
-800
-749
-922
-758
-869
-745
-826
-727
-919
-821
-800
-853
-812
-903
-929
-827
-777
-820
-795
-902
-856
-771
-707
-731
-809
-893
-953
-907
-964
-902
-823
-814
-783
-894
-828
-833
-781
-956
-834
-871
-694
-909
-854
-826
-795
-788
-823
-716
-864
-759
-800
-701
-768
-740
-861
-827
-805
-746
-859
-833
-807
-753
-821
-715
-818
-820
-804
-811
-817
-784
-840
-813
-871
-784
-783
-928
-753
-809
-933
-834
-834
-784
-877
-822
-823
-791
-935
-774
-814
-830
-869
-896
-989
-989
-889
-857
-842
-968
-724
-843
-941
-820
-929
-796
-941
-804
-879
-896
-830
-845
-929
-922
-924
-796
-772
-947
-814
-946
-819
-879
-856
-801
-862
-806
-782
-880
-881
-805
-829
-927
-785
-819
-899
-824
-890
-854
-866
-858
-887
-899
-785
-856
-879
-951
-846
-886
-960
-842
-874
-941
-858
-874
-860
-878
-945
-865
-957
-842
-745
-916
-761
-973
-857
-892
-910
-799
-929
-889
-892
-890
-873
-996
-921
-1088
-834
-1037
-778
-889
-994
-1035
-898
-899
-902
-986
-895
-905
-897
-895
-961
-910
-981
-889
-965
-886
-931
-977
-892
-952
-894
-909
-896
-945
-866
-870
-851
-909
-877
-935
-883
-927
-894
-912
-733
-867
-859
-899
-930
-959
-838
-891
-819
-907
-904
-947
-914
-825
-845
-846
-831
-857
-826
-798
-830
-951
-885
-825
-872
-876
-851
-822
-812
-719
-750
-760
-672
-671
-770
-608
-759
-645
-667
-667
-656
-637
-722
-588
-641
-797
-624
-652
-537
-684
-678
-593
-514
-686
-636
-639
-644
-648
-737
-602
-659
-664
-592
-587
-641
-686
-688
-593
-618
-708
-596
-631
-638
-646
-662
-706
-504
-668
-712
-598
-688
-586
-604
-685
-619
-731
-643
-609
-625
-644
-667
-546
-624
-627
-628
-586
-720
-686
-619
-720
-719
-677
-747
-529
-592
-488
-695
-696
-582
-562
-598
-571
-717
-573
-664
-659
-623
-588
-595
-561
-562
-641
-590
-557
-628
-561
-527
-569
-658
-629
-671
-678
-523
-688
-735
-665
-559
-570
-605
-594
-712
-640
-561
-658
-785
-646
-736
-629
-733
-689
-686
-681
-690
-786
-615
-718
-661
-666
-683
-646
-648
-663
-721
-662
-634
-674
-590
-586
-571
-539
-599
-623
-527
-582
-539
-649
-571
-664
-687
-748
-647
-633
-724
-598
-746
-538
-649
-693
-679
-602
-709
-757
-617
-668
-543
-547
-657
-553
-738
-752
-636
-621
-650
-638
-707
-675
-654
-626
-719
-772
-657
-810
-661
-656
-707
-701
-689
-694
-635
-792
-859
-677
-637
-567
-644
-586
-691
-596
-669
-712
-625
-681
-653
-493
-582
-580
-546
-723
-576
-611
-681
-604
-640
-499
-541
-475
-631
-556
-471
-491
-584
-597
-564
-670
-658
-570
-579
-606
-597
-585
-694
-621
-576
-691
-540
-556
-609
-520
-702
-566
-699
-657
-556
-670
-612
-559
-616
-687
-625
-737
-733
-583
-619
-675
-682
-674
-623
-624
-679
-629
-602
-719
-677
-618
-747
-819
-546
-582
-598
-566
-664
-671
-573
-721
-643
-605
-680
-759
-671
-595
-616
-657
-664
-642
-654
-638
-694
-646
-225
3
356
741
1281
1656
2162
2726
3147
3567
4056
4485
4906
5315
5551
6098
6666
6789
7121
7274
7631
7890
8085
8249
8581
8669
9089
9044
9335
9344
9370
9740
9904
9934
10179
10426
10393
10291
10585
11123
11040
11088
11244
11369
11418
11518
11592
11875
11866
11883
11870
11899
12055
12274
12231
12274
12506
12442
12353
12631
12657
12687
12496
12670
12697
12686
12839
12528
12390
12615
12888
12620
12821
12602
12623
12506
12550
12428
12424
12439
12195
12182
12381
12269
12428
12403
12321
12124
11986
11991
12189
11858
12022
11827
11761
11834
11777
11601
11580
11683
11479
11633
11485
11419
11518
11495
11392
11272
11336
11480
11313
11375
11145
11026
11220
11192
11129
10971
10964
10862
10872
10799
10755
10615
10642
10745
10597
10436
10412
10497
10528
10459
10106
10280
10328
10044
10018
10064
10065
10019
9987
9807
9621
9685
9627
9661
9489
9360
9560
9312
9352
9263
9106
9097
9035
8834
8818
8796
8795
8759
8608
8595
8573
8362
8321
8318
8324
8350
8369
8172
8218
7938
8202
7802
7903
8101
7856
7755
7878
7959
7817
7654
7826
7807
7867
7639
7656
7764
7649
7645
7536
7429
7331
7506
7289
7271
7189
7178
7331
7100
6980
7140
6933
6950
6888
6979
6819
6747
6777
6735
6578
6561
6497
6643
6504
6593
6389
6350
6348
6516
6233
6169
6136
6246
6186
6139
6091
6020
6048
5973
5752
6016
5823
5762
5822
5676
5560
5607
5585
5534
5483
5469
5330
5494
5326
5313
5308
5313
5317
5188
5092
5070
5135
5105
5073
5047
5016
5009
5022
5038
4975
4892
4779
4940
4771
4911
4696
4804
4683
4730
4652
4744
4673
4547
4412
4463
4564
4474
4490
4254
4377
4388
4258
4295
4373
4139
4129
4172
4165
4084
4047
3998
3951
4056
3903
3791
3796
3749
4009
3914
3881
3805
3870
3875
3760
3687
3739
3799
3847
3670
3786
3718
3661
3669
3734
3589
3576
3711
3560
3526
3496
3536
3611
3427
3488
3450
3441
3426
3460
3409
3391
3327
3306
3415
3360
3255
3324
3370
3306
3355
3378
3294
3273
3224
3288
3297
3302
3158
3135
3183
3272
3170
3103
3112
3163
2971
3085
3028
3019
3030
3002
2854
3023
2985
3039
2793
2930
2985
2888
2851
2924
2910
2802
2825
2847
2868
2797
2805
2823
2670
2780
2767
2808
2753
2763
2625
2719
2649
2440
2540
2574
2515
2465
2432
2587
2617
2669
2527
2677
2580
2572
2683
2621
2616
2499
2502
2534
2550
2434
2554
2498
2500
2506
2313
2455
2437
2522
2613
2490
2466
2495
2442
2340
2422
2405
2305
2333
2205
2190
2244
2250
2138
2205
2128
2071
2160
2097
2006
2180
1972
1994
1932
1932
1885
1828
1934
1928
1859
1778
2000
1913
1826
1839
1888
1805
1810
1752
1762
1818
1734
1631
1777
1792
1770
1725
1780
1728
1676
1673
1706
1731
1618
1644
1644
1628
1672
1589
1700
1720
1789
1746
1767
1738
1681
1705
1736
1695
1698
1596
1641
1526
1534
1539
1608
1515
1410
1535
1639
1426
1624
1581
1493
1607
1539
1580
1549
1564
1570
1537
1386
1462
1405
1387
1444
1360
1273
1272
1250
1252
1248
1295
1332
1200
1283
1158
1109
1184
1146
1280
1278
1144
1176
1103
1218
1085
1097
1059
1060
1121
1147
1079
958
1066
1140
1090
1134
1098
1108
1000
1159
1101
1016
1136
1102
1081
1099
964
1108
1004
1024
1034
1083
1002
1079
1017
972
988
986
1104
1100
1073
975
990
937
978
911
840
842
928
941
883
848
930
1013
866
961
1003
1011
998
986
946
943
845
1007
805
814
892
868
896
827
760
830
755
659
740
776
752
722
865
761
736
711
640
780
691
628
547
817
734
795
816
765
744
672
745
714
743
578
545
544
578
615
575
636
631
601
553
631
602
584
693
611
515
651
587
550
595
624
666
575
703
460
545
529
507
589
538
529
580
536
593
513
504
550
509
571
441
463
448
455
406
428
414
471
412
440
396
453
262
407
313
440
369
425
455
422
402
453
362
305
361
292
425
502
234
370
376
335
329
341
425
345
332
348
243
341
278
267
334
244
284
263
178
290
204
287
276
209
375
247
260
267
324
209
214
158
146
356
240
274
279
176
315
154
305
202
170
150
182
155
86
228
211
83
201
104
94
202
207
128
124
56
101
142
83
101
118
169
110
104
32
176
135
6
-37
1
38
-98
168
17
89
-54
72
32
12
-10
50
84
62
71
128
-3
0
47
-114
-128
-6
-45
-17
35
8
3
45
72
69
110
135
57
40
-12
4
192
-64
77
117
21
37
-20
122
-126
-7
-62
85
1
62
10
15
22
43
-107
-111
-76
-82
-164
-29
-70
-58
-107
-44
-36
-78
-189
-50
-130
-80
-169
-173
-166
-160
-180
-138
-133
-67
-134
-174
-156
-146
-153
-199
-103
-61
-70
4
-178
-122
-11
-151
-58
-29
-186
-107
-155
-192
-64
-249
-202
-120
-186
-125
-239
-105
-144
-222
-118
-93
-87
-94
-175
-174
-62
-147
-209
-137
-81
-76
-67
-175
-160
-123
-151
-65
-134
-176
-191
-145
-164
-326
-133
-173
-170
-215
-203
-182
-311
-295
-174
-156
-159
-247
-150
-176
-85
-91
-52
-151
-138
-166
-98
-114
-164
-78
-204
-119
-88
-85
-123
-61
-140
-141
-75
-17
-130
-63
-108
-66
-152
-98
-166
-106
-132
-181
-81
-74
-121
-139
-159
-70
-31
-163
-219
-11
-119
-64
-174
-267
-95
-158
-207
-239
-166
-135
-195
-265
-241
-132
-167
-186
-206
-83
-219
-192
-166
-162
-320
-130
-163
-218
-93
-293
-288
-261
-192
-383
-262
-169
-358
-293
-216
-278
-266
-371
-372
-311
-312
-376
-298
-250
-291
-436
-321
-421
-367
-228
-274
-328
-362
-344
-294
-283
-356
-377
-400
-399
-301
-308
-382
-311
-416
-403
-305
-370
-379
-343
-341
-322
-364
-207
-379
-281
-327
-284
-417
-397
-346
-299
-265
-369
-438
-477
-464
-386
-342
-419
-410
-429
-320
-374
-350
-462
-424
-318
-402
-430
-352
-413
-367
-290
-457
-393
-401
-351
-342
-417
-424
-454
-443
-440
-434
-414
-434
-372
-499
-488
-536
-466
-371
-472
-404
-472
-497
-493
-468
-347
-534
-445
-528
-402
-405
-510
-386
-428
-494
-446
-496
-520
-486
-504
-515
-490
-662
-486
-622
-555
-484
-486
-409
-554
-682
-475
-548
-477
-532
-599
-503
-570
-523
-519
-529
-538
-534
-452
-411
-506
-528
-576
-524
-461
-514
-460
-595
-559
-585
-595
-592
-472
-504
-525
-535
-451
-485
-539
-632
-503
-489
-557
-558
-481
-541
-517
-623
-645
-523
-655
-540
-629
-573
-548
-535
-569
-612
-617
-606
-478
-589
-594
-668
-594
-659
-564
-629
-637
-650
-628
-664
-627
-613
-572
-706
-607
-611
-644
-576
-604
-633
-652
-616
-669
-627
-721
-661
-689
-710
-726
-811
-650
-812
-781
-751
-857
-797
-737
-733
-676
-783
-782
-778
-720
-714
-685
-791
-748
-726
-695
-710
-713
-630
-765
-766
-756
-752
-765
-727
-731
-681
-670
-739
-649
-606
-638
-630
-795
-656
-759
-698
-775
-716
-783
-794
-743
-712
-747
-844
-763
-691
-724
-785
-745
-708
-733
-581
-670
-641
-683
-553
-611
-632
-669
-763
-658
-619
-709
-621
-656
-695
-705
-696
-679
-686
-619
-660
-703
-620
-655
-634
-565
-617
-611
-684
-610
-605
-673
-657
-707
-635
-658
-635
-686
-636
-747
-547
-616
-713
-655
-621
-741
-685
-594
-646
-626
-576
-690
-765
-651
-627
-525
-491
-745
-630
-627
-690
-662
-665
-706
-681
-624
-747
-597
-689
-724
-643
-673
-631
-687
-714
-632
-726
-756
-740
-682
-746
-729
-700
-692
-634
-724
-763
-710
-631
-787
-728
-698
-714
-655
-751
-779
-661
-739
-716
-680
-709
-707
-697
-635
-562
-650
-688
-610
-569
-667
-644
-673
-617
-655
-651
-749
-662
-651
-643
-700
-730
-672
-705
-593
-666
-710
-724
-808
-713
-792
-660
-694
-705
-746
-781
-747
-582
-701
-657
-709
-723
-795
-679
-614
-632
-684
-631
-656
-714
-670
-710
-716
-734
-628
-633
-752
-644
-712
-617
-709
-744
-650
-709
-773
-739
-748
-699
-802
-597
-610
-717
-638
-770
-702
-710
-705
-700
-748
-715
-679
-680
-680
-691
-685
-740
-655
-666
-713
-739
-747
-695
-697
-748
-660
-710
-615
-726
-668
-637
-716
-718
-731
-756
-725
-740
-784
-733
-767
-767
-744
-686
-775
-771
-849
-736
-756
-839
-735
-819
-717
-750
-846
-896
-828
-703
-745
-789
-839
-732
-750
-767
-577
-789
-776
-811
-799
-719
-786
-764
-789
-769
-692
-870
-858
-724
-910
-770
-858
-807
-759
-822
-880
-941
-887
-875
-824
-826
-752
-798
-806
-804
-856
-924
-859
-888
-801
-898
-892
-666
-810
-811
-841
-796
-741
-744
-732
-775
-768
-791
-810
-860
-871
-760
-916
-823
-924
-795
-874
-775
-908
-797
-805
-876
-829
-827
-860
-909
-897
-950
-868
-800
-775
-802
-873
-784
-894
-870
-881
-804
-854
-885
-817
-769
-895
-844
-846
-858
-797
-851
-857
-854
-855
-729
-750
-774
-807
-863
-880
-888
-816
-834
-919
-837
-913
-829
-839
-771
-891
-763
-792
-893
-805
-844
-927
-835
-796
-774
-797
-816
-820
-788
-801
-822
-842
-903
-865
-919
-837
-773
-899
-886
-815
-865
-787
-824
-846
-814
-801
-884
-834
-815
-915
-865
-772
-776
-817
-807
-816
-923
-776
-819
-844
-849
-878
-836
-836
-778
-864
-828
-912
-918
-891
-913
-821
-827
-814
-870
-868
-877
-749
-839
-854
-798
-845
-825
-738
-860
-821
-828
-796
-846
-844
-715
-753
-770
-768
-799
-843
-863
-856
-789
-908
-845
-923
-752
-882
-871
-817
-868
-820
-853
-872
-808
-815
-766
-872
-870
-802
-838
-924
-718
-804
-820
-812
-822
-745
-794
-859
-795
-763
-787
-774
-863
-803
-873
-755
-795
-779
-842
-768
-808
-856
-735
-741
-816
-779
-793
-767
-841
-815
-827
-744
-969
-822
-828
-752
-755
-838
-819
-866
-790
-830
-709
-819
-852
-841
-849
-872
-776
-832
-758
-721
-859
-865
-797
-763
-884
-857
-854
-827
-746
-896
-914
-889
-750
-922
-867
-857
-840
-897
-985
-716
-866
-836
-853
-864
-765
-946
-800
-830
-841
-877
-806
-822
-898
-880
-757
-827
-794
-828
-858
-834
-989
-841
-854
-915
-821
-925
-785
-905
-904
-898
-884
-825
-772
-842
-856
-915
-895
-934
-893
-765
-887
-857
-860
-864
-843
-920
-974
-863
-904
-938
-943
-888
-946
-933
-907
-866
-900
-916
-898
-952
-968
-962
-933
-899
-914
-876
-973
-829
-824
-896
-849
-882
-888
-865
-881
-952
-889
-906
-857
-946
-897
-947
-876
-838
-889
-824
-985
-876
-941
-1003
-880
-899
-900
-871
-847
-825
-841
-865
-862
-870
-907
-894
-827
-909
-830
-928
-806
-853
-916
-797
-797
-883
-828
-941
-805
-867
-799
-786
-929
-816
-886
-912
-807
-809
-834
-878
-830
-729
-789
-780
-875
-853
-834
-733
-880
-882
-864
-849
-810
-897
-771
-872
-778
-739
-921
-828
-891
-780
-787
-827
-761
-790
-827
-786
-847
-807
-724
-854
-861
-783
-774
-856
-796
-811
-794
-732
-835
-800
-881
-887
-981
-783
-767
-842
-912
-872
-859
-919
-905
-839
-719
-908
-884
-791
-820
-872
-764
-856
-885
-878
-873
-401
-489
-408
-453
-420
-449
-401
-516
-471
-357
-508
-430
-397
-437
-405
-543
-392
-483
-478
-361
-448
-369
-365
-521
-412
-515
-477
-382
-414
-382
-370
-506
-443
-434
-427
-322
-472
-301
-321
-427
-333
-466
-406
-383
-408
-403
-415
-407
-402
-389
-336
-409
-429
-385
-372
-309
-440
-426
-334
-480
-383
-382
-292
-324
-457
-379
-290
-385
-540
-453
-397
-322
-405
-353
-423
-413
-360
-492
-304
-425
-311
-433
-399
-506
-430
-543
-456
-449
-481
-412
-443
-401
-425
-426
-447
-318
-216
44
434
792
1267
1799
2313
2721
3373
3720
4109
4678
4877
5259
5685
5984
6331
6476
6861
7132
7417
7676
8020
8272
8418
8709
9019
9087
9254
9614
9688
9707
10035
10256
10548
10325
10661
10384
10804
10885
10784
10794
10865
10770
10660
11162
11248
11409
11228
11360
11560
11573
11703
11724
11468
11738
11750
11679
11579
11717
11762
11567
11902
12050
12101
12004
12027
12063
12218
12190
12032
11941
11930
12015
11791
11832
11989
11963
11940
11709
11674
11891
11889
11744
11623
11682
11794
11677
11785
11790
11550
11484
11563
11665
11649
11723
11670
11586
11478
11581
11402
11351
11421
11551
11377
11213
11489
11124
11179
10902
11101
10969
11084
10935
10878
10833
10766
10654
10527
10490
10703
10420
10460
10410
10358
10317
10156
10290
10178
10040
10295
10246
10338
10298
10078
10235
10078
10045
9908
9845
9847
9815
9710
9475
9707
9758
9488
9360
9518
9206
9363
9413
9360
9261
9440
9306
9226
9028
8990
9000
9107
9023
8761
8843
8666
8652
8461
8603
8501
8531
8575
8436
8351
8196
8244
8310
8346
8303
8046
8165
8146
8137
8142
7831
7897
7948
7774
7782
7637
7664
7637
7656
7490
7542
7593
7568
7427
7326
7294
7337
7222
7237
7260
7351
7287
7169
7182
7268
7126
7154
7047
6920
7097
7093
6951
7078
6992
6994
6890
6842
6807
6773
6561
6618
6591
6638
6573
6413
6415
6428
6245
6415
6396
6302
6375
6275
6191
6109
6193
5999
5923
5976
5888
5897
5811
5731
5762
5725
5705
5583
5541
5528
5540
5593
5454
5397
5523
5319
5466
5282
5318
5238
5161
5136
5170
5182
5103
5050
5093
5015
5063
4995
5011
4883
4810
4787
4923
4840
4715
4799
4798
4805
4919
4742
4846
4922
4790
4790
4633
4722
4697
4705
4581
4685
4654
4471
4498
4398
4295
4403
4346
4335
4322
4421
4313
4414
4243
4206
4271
4276
4229
4288
4072
4197
4177
4187
4084
4099
4043
4125
4153
4055
4096
4118
3996
4000
3966
3979
4072
4066
4076
3974
3858
3879
3626
3837
3797
3803
3766
3865
3846
3715
3670
3771
3663
3674
3625
3672
3643
3567
3635
3497
3489
3492
3494
3435
3526
3456
3423
3442
3427
3434
3345
3368
3304
3361
3408
3335
3274
3256
3342
3305
3326
3264
3331
3056
3102
3143
3030
3079
3037
3097
2992
3061
2982
2988
2957
2911
2871
2848
2871
2740
2833
2762
2770
2671
2835
2738
2663
2709
2751
2718
2738
2549
2685
2715
2663
2526
2614
2637
2602
2494
2467
2469
2442
2566
2531
2566
2476
2430
2403
2631
2598
2455
2545
2496
2447
2414
2397
2259
2257
2402
2338
2344
2308
2345
2306
2144
2196
2158
2295
2195
2253
2183
2260
2225
2280
2175
2241
2333
2258
2229
2302
2233
2215
2114
2172
2192
2202
2164
2202
2133
2198
2098
2235
2213
2125
2137
2180
2231
2214
2271
2273
2131
2186
2154
2192
2070
2178
2117
2220
2158
2007
2083
2140
2156
1945
2110
2042
2063
2037
2109
2025
2077
2035
2071
1970
2021
2157
2063
1892
1959
1873
2054
1914
2031
1981
2005
1921
1885
1749
1765
1836
2005
2028
1794
1904
1864
1786
1756
1857
1780
1875
1843
1808
1875
1828
1784
1749
1728
1786
1797
1583
1605
1646
1542
1545
1616
1504
1547
1544
1618
1534
1518
1489
1442
1431
1550
1420
1419
1438
1491
1503
1543
1408
1499
1475
1452
1438
1489
1354
1462
1482
1363
1344
1479
1422
1353
1382
1296
1361
1399
1290
1280
1317
1355
1323
1269
1234
1397
1226
1285
1271
1170
1240
1201
1243
1175
1140
1181
1226
1243
1165
1331
1166
1176
1183
1238
1142
1110
1201
1110
1080
1145
1157
1235
1167
1099
1034
1039
1019
1025
1087
1015
1054
1137
1053
996
996
1044
1020
1020
1013
925
1050
904
1042
906
1075
963
977
954
914
1034
890
1027
991
989
1019
984
1036
857
898
853
864
890
772
888
865
910
818
877
839
863
854
747
812
757
821
850
774
821
760
718
702
863
722
740
824
822
716
913
651
710
678
704
650
644
745
797
771
777
710
734
694
748
739
593
649
598
655
640
688
687
505
647
634
543
627
546
600
615
630
618
607
553
530
739
490
601
519
503
635
568
520
437
514
445
497
622
466
530
505
562
446
547
480
482
579
395
390
522
392
369
536
351
426
457
514
376
327
497
430
305
390
358
399
300
294
321
320
396
386
368
225
254
283
401
356
299
170
314
257
235
253
294
368
289
242
329
350
358
330
325
351
348
374
337
328
421
363
366
268
378
321
328
409
359
388
448
331
378
431
360
378
332
373
377
302
318
352
359
332
395
398
386
372
186
427
355
415
412
289
412
305
318
381
450
288
283
333
416
269
260
276
290
301
235
318
310
260
215
244
244
270
291
273
246
299
237
148
252
243
286
323
161
215
279
219
227
251
216
244
82
186
141
96
148
74
105
13
72
69
103
35
155
125
24
92
76
15
-49
-6
37
-43
33
125
55
140
138
93
39
135
76
129
100
105
133
123
40
81
70
80
-1
116
150
174
127
66
133
-53
32
200
37
197
18
109
67
19
146
53
74
94
61
75
-44
10
-111
-21
-68
-19
23
60
-142
-43
-234
-75
-126
-245
-104
-136
-163
-58
-127
-114
-204
-146
-92
-203
-78
-139
-160
-156
-206
-90
-94
-124
-97
-112
-221
-183
-146
-196
-207
-264
-142
-98
-146
-123
-217
-221
-246
-244
-262
-277
-225
-206
-162
-335
-167
-260
-152
-246
-240
-183
-189
-259
-78
-172
-110
-202
-116
-220
-267
-226
-109
-234
-201
-276
-93
-210
-221
-224
-330
-202
-236
-210
-113
-275
-255
-272
-230
-254
-224
-313
-326
-371
-274
-239
-245
-269
-219
-334
-266
-262
-282
-193
-360
-319
-329
-316
-372
-315
-320
-224
-349
-174
-320
-240
-286
-325
-395
-444
-381
-341
-388
-410
-408
-396
-268
-360
-357
-334
-253
-398
-355
-395
-362
-362
-308
-333
-417
-308
-192
-277
-382
-206
-335
-292
-365
-291
-415
-402
-217
-272
-299
-308
-299
-316
-258
-219
-328
-197
-178
-299
-236
-197
-257
-213
-279
-303
-161
-224
-242
-300
-394
-296
-268
-251
-224
-246
-406
-309
-213
-345
-287
-191
-199
-337
-271
-250
-266
-189
-267
-302
-356
-328
-236
-256
-357
-197
-371
-265
-370
-455
-207
-235
-241
-274
-367
-325
-350
-302
-270
-319
-405
-322
-280
-349
-383
-358
-325
-294
-348
-468
-375
-323
-353
-359
-319
-468
-400
-432
-459
-360
-374
-428
-449
-450
-338
-390
-417
-367
-444
-356
-505
-443
-403
-547
-428
-369
-401
-379
-384
-380
-531
-386
-415
-464
-418
-337
-401
-343
-373
-348
-343
-393
-308
-394
-375
-385
-371
-337
-373
-274
-291
-224
-374
-401
-361
-406
-334
-402
-417
-355
-362
-303
-346
-319
-294
-291
-125
-164
-177
-278
-304
-402
-282
-159
-262
-182
-281
-153
-241
-297
-333
-294
-273
-258
-289
-308
-283
-328
-346
-275
-376
-266
-456
-442
-379
-355
-380
-449
-332
-355
-330
-289
-341
-270
-213
-314
-372
-293
-323
-327
-265
-325
-344
-358
-280
-283
-357
-424
-411
-309
-344
-419
-342
-348
-339
-430
-336
-388
-401
-451
-328
-340
-504
-448
-450
-426
-419
-468
-418
-421
-434
-373
-409
-461
-492
-428
-438
-321
-485
-270
-348
-292
-290
-299
-348
-372
-430
-351
-311
-349
-288
-368
-381
-285
-408
-395
-334
-346
-383
-366
-375
-429
-396
-347
-430
-340
-355
-260
-445
-388
-481
-346
-356
-430
-461
-430
-277
-411
-355
-459
-255
-468
-402
-387
-403
-324
-322
-440
-392
-419
-373
-355
-449
-499
-493
-441
-396
-459
-413
-447
-420
-394
-458
-443
-431
-335
-521
-469
-529
-495
-571
-490
-465
-487
-519
-564
-503
-484
-425
-519
-492
-502
-532
-479
-405
-458
-453
-531
-363
-387
-401
-494
-399
-469
-494
-362
-422
-389
-323
-509
-479
-545
-541
-455
-417
-564
-510
-383
-514
-554
-378
-525
-401
-476
-516
-461
-460
-373
-454
-523
-468
-459
-526
-537
-557
-717
-621
-486
-441
-588
-532
-526
-490
-568
-550
-551
-513
-529
-524
-431
-703
-515
-676
-493
-614
-679
-476
-531
-533
-676
-585
-536
-725
-465
-497
-552
-574
-631
-619
-592
-506
-557
-489
-596
-563
-556
-559
-526
-417
-612
-571
-624
-470
-688
-583
-498
-623
-597
-651
-592
-645
-566
-718
-618
-756
-619
-485
-543
-609
-666
-576
-627
-684
-562
-624
-543
-577
-627
-569
-706
-608
-574
-618
-593
-541
-690
-622
-696
-562
-638
-480
-634
-571
-748
-557
-655
-571
-594
-609
-576
-637
-660
-574
-609
-656
-597
-711
-620
-575
-627
-584
-590
-568
-600
-610
-595
-564
-620
-584
-603
-537
-556
-483
-606
-562
-655
-611
-420
-599
-597
-553
-371
-430
-599
-499
-580
-606
-716
-574
-626
-562
-603
-493
-593
-611
-578
-634
-527
-545
-528
-499
-617
-488
-538
-641
-521
-435
-529
-552
-531
-509
-647
-518
-534
-445
-453
-485
-426
-435
-524
-546
-517
-588
-632
-490
-392
-563
-568
-590
-530
-394
-537
-529
-574
-531
-491
-502
-563
-568
-591
-522
-604
-683
-616
-635
-556
-574
-640
-513
-616
-570
-605
-626
-646
-619
-495
-591
-627
-453
-523
-619
-601
-632
-672
-589
-647
-661
-590
-603
-628
-554
-678
-647
-674
-606
-635
-655
-620
-583
-635
-657
-689
-691
-717
-667
-633
-652
-620
-566
-714
-648
-688
-707
-645
-553
-681
-679
-691
-763
-717
-683
-628
-570
-723
-668
-711
-642
-843
-704
-651
-804
-653
-680
-708
-743
-680
-515
-732
-627
-642
-715
-587
-613
-527
-742
-667
-618
-653
-740
-735
-719
-714
-664
-590
-624
-669
-678
-765
-712
-752
-622
-665
-598
-640
-669
-754
-678
-682
-644
-749
-715
-749
-744
-748
-687
-680
-618
-576
-746
-721
-699
-635
-807
-697
-697
-622
-642
-730
-816
-726
-623
-820
-645
-646
-547
-574
-642
-645
-775
-697
-597
-563
-651
-574
-686
-643
-639
-613
-670
-615
-607
-706
-543
-629
-596
-604
-617
-598
-553
-601
-537
-479
-589
-611
-455
-656
-504
-569
-574
-584
-642
-547
-544
-431
-501
-469
-520
-552
-587
-430
-459
-504
-523
-519
-552
-518
-643
-525
-538
-525
-538
-516
-602
-583
-551
-568
-528
-530
-585
-487
-636
-608
-594
-658
-577
-509
-443
-643
-485
-527
-515
-606
-615
-624
-520
-552
-511
-580
-495
-597
-636
-625
-547
-631
-712
-679
-564
-601
-654
-586
-554
-557
-633
-616
-593
-577
-661
-598
-591
-571
-678
-715
-572
-643
-612
-615
-508
-635
-638
-687
-490
-666
-615
-560
-653
-543
-624
-589
-474
-394
-614
-518
-516
-544
-614
-545
-507
-615
-582
-598
-609
-611
-546
-681
-536
-622
-555
-592
-604
-625
-573
-520
-533
-646
-602
-553
-558
-566
-594
-574
-544
-461
-632
-438
-535
-554
-524
-565
-604
-520
-633
-613
-603
-596
-509
-510
-700
-581
-529
-572
-571
-493
-710
-577
-591
-622
-704
-629
-508
-461
-646
-567
-615
-678
-518
-526
-504
-515
-557
-568
-509
-637
-534
-592
-530
-523
-656
-619
-523
-483
-620
-583
-569
-600
-677
-675
-665
-587
-595
-508
-627
-615
-647
-536
-539
-600
-653
-143
-113
-92
-143
-193
-91
-185
-44
-217
-267
-193
-190
-149
-207
-128
-175
-35
-139
-31
-64
-203
-139
-167
-162
-17
-156
-285
-152
-142
-209
-221
-267
-128
-272
-105
-147
-72
-228
-73
-166
-72
-242
-144
-102
-61
-119
-76
-198
-171
-89
-134
-219
-109
-107
-182
-214
-60
-198
-91
-149
-130
-56
-135
-149
-174
-32
-131
-112
-96
-158
-224
-86
-99
-199
-121
-136
-196
-67
-251
-39
-214
-92
-155
-197
-122
-131
-225
-109
-5
-245
-165
-95
-99
-92
-139
-111
-96
58
389
694
1106
1748
2131
2652
3113
3517
3936
4407
4623
5069
5370
5534
5939
6171
6485
6756
7208
7401
7518
8063
8184
8387
8771
8926
9118
9238
9415
9458
9524
9873
10061
9986
10101
10511
10693
10709
11103
11053
11433
11361
11335
11674
11494
11616
11851
11786
11831
11872
12141
11947
11937
12126
12261
12176
12013
12381
12511
12212
12430
12241
12165
12425
12056
12317
12517
12394
12297
12466
12632
12470
12423
12527
12521
12615
12609
12565
12725
12575
12728
12661
12676
12564
12274
12676
12579
12616
12483
12387
12537
12581
12555
12355
12564
12317
12357
12330
12348
12119
12108
12245
12002
12177
12048
11869
11876
11797
11803
11586
11754
11748
11678
11639
11665
11438
11355
11303
11227
11300
10985
11012
10777
10803
10762
10841
10695
10780
10652
10869
10366
10365
10544
10429
10193
10261
10197
10321
10371
10190
10055
10087
9824
9924
9674
9689
9767
9971
9880
9682
9686
9719
9412
9700
9370
9492
9423
9346
9182
9082
9048
8983
8928
9092
9083
8895
8800
8878
8692
8740
8536
8609
8568
8479
8412
8175
8257
8337
8100
7849
7882
7945
7844
7808
7780
7637
7738
7709
7565
7468
7572
7415
7643
7540
7472
7323
7226
7400
7326
7482
7467
7265
7284
7199
7108
7063
7172
7111
7074
6862
7026
6958
6892
6786
6782
6849
6690
6955
6766
6657
6760
6840
6609
6683
6542
6532
6452
6611
6492
6390
6567
6267
6346
6468
6324
6282
6244
6110
6140
6104
6135
5909
5937
5899
5882
5837
5840
5761
5666
5887
5765
5729
5815
5811
5669
5536
5601
5524
5452
5374
5398
5341
5457
5308
5301
5207
5224
5177
5279
5244
5222
5177
5122
5041
5141
5085
5052
4989
4860
4965
4883
4825
4739
4834
4828
4513
4680
4676
4742
4580
4612
4508
4448
4577
4468
4468
4374
4472
4409
4442
4518
4471
4400
4343
4450
4529
4351
4290
4337
4404
4395
4339
4289
4328
4247
4217
4333
4211
4205
4119
4066
4125
4085
4073
4146
3964
3910
4041
4016
3891
4035
3945
3808
3787
3935
3830
3824
3698
3864
3745
3754
3769
3778
3801
3717
3720
3764
3604
3631
3654
3654
3550
3560
3567
3435
3493
3549
3470
3473
3463
3425
3378
3417
3364
3213
3320
3188
3301
3240
3204
3303
3401
3201
3288
3296
3126
3224
3180
3242
3291
3346
3235
3147
3172
3119
3205
3289
3101
3200
3249
3259
3253
3239
3222
3013
3186
3018
3134
3010
3074
3139
3095
3053
3074
3047
3024
3182
2993
3120
3107
3050
3182
3201
3136
3066
3319
3093
3018
3201
3081
3066
3113
2986
2996
3023
2922
3079
3059
3022
2965
3002
3013
3009
2844
2929
3001
2820
2863
2991
2945
2807
2722
2851
2732
2798
2673
2664
2577
2595
2661
2542
2474
2487
2430
2560
2601
2555
2412
2482
2526
2449
2458
2340
2391
2386
2516
2313
2395
2420
2327
2331
2245
2254
2371
2316
2381
2280
2158
2238
2276
2236
2235
2220
2246
2306
2083
2084
2178
2060
2104
1968
2015
2062
2038
2012
1982
2002
2080
1922
1917
1925
1795
1946
1888
1915
1743
1817
1742
1759
1695
1771
1760
1618
1671
1672
1660
1685
1686
1658
1680
1582
1663
1471
1593
1614
1617
1642
1642
1620
1571
1673
1514
1583
1567
1533
1506
1435
1459
1495
1373
1424
1554
1528
1459
1390
1537
1564
1532
1398
1472
1543
1540
1488
1443
1426
1513
1436
1446
1486
1548
1546
1512
1351
1458
1447
1511
1405
1502
1469
1412
1408
1401
1421
1481
1524
1351
1457
1429
1488
1429
1369
1432
1305
1335
1340
1301
1252
1357
1274
1356
1262
1217
1224
1252
1233
1234
1250
1185
1335
1209
1205
1145
1238
1213
1151
1221
1119
1211
1246
1163
1204
1186
1097
1202
1229
1264
1092
1142
1097
1140
1086
1212
1166
1203
1247
1201
1164
1229
1147
1267
1065
1138
1238
1226
1178
1099
1190
1239
991
1169
1164
1187
1150
1104
1144
1171
1154
1081
1228
1133
1232
1093
1280
1286
1237
1264
1269
1158
1131
1253
1166
1124
1206
1154
1319
1263
1219
1041
948
1088
1014
1090
1091
1130
1063
1047
1016
1128
1053
1153
1049
1062
1036
1016
1120
1114
1107
1071
976
1108
988
942
1076
1025
1063
997
931
926
975
900
938
1017
1051
990
957
966
928
945
907
878
1009
861
809
869
841
793
858
811
932
822
784
792
781
881
816
870
913
776
785
777
824
749
816
769
814
777
814
732
757
793
724
692
652
780
701
665
595
589
726
614
622
507
559
661
627
677
715
668
618
678
675
685
655
663
621
685
730
648
630
714
670
661
670
579
587
738
724
710
620
630
648
656
691
663
658
623
588
518
590
760
709
643
614
618
568
489
567
652
477
552
638
509
489
595
521
529
478
544
511
508
462
615
508
542
578
518
536
459
518
512
542
521
573
613
537
509
503
457
439
419
372
463
576
465
451
583
551
485
643
538
607
422
519
586
456
511
503
412
451
430
522
531
463
419
477
401
446
515
450
387
466
407
410
338
334
387
418
424
293
261
389
275
381
310
277
371
186
221
405
393
331
462
427
358
419
318
346
411
317
275
404
316
328
330
300
288
348
267
399
306
399
347
266
407
426
361
410
434
381
315
300
346
317
302
377
421
378
323
384
386
430
280
352
346
255
330
251
251
311
183
297
282
224
315
359
275
347
220
264
220
279
228
288
70
169
180
189
181
185
205
113
210
201
194
128
125
90
171
40
214
170
157
149
74
180
218
279
111
224
82
78
222
210
139
96
137
68
163
144
175
130
200
85
157
153
76
91
139
124
90
15
116
150
200
14
54
76
98
35
62
150
33
170
222
233
209
243
189
210
73
69
123
43
103
34
125
139
79
166
136
147
109
193
-23
83
121
155
196
85
41
58
138
156
158
79
142
99
29
66
111
44
73
-22
-46
110
17
131
49
49
41
-83
60
27
15
22
56
-62
61
9
-104
19
-5
-12
-44
-22
4
-33
-47
-142
-18
-110
-117
16
-15
-43
-28
-14
-125
-92
-35
-157
-33
-137
15
-45
-58
-21
-10
10
122
-1
4
-84
-19
77
14
100
15
103
29
57
16
28
47
79
66
128
205
-8
-40
53
-35
-55
-105
57
-28
65
76
34
-52
-9
-16
7
90
-49
26
51
-33
17
58
76
-38
68
-107
-50
12
7
-60
-26
-35
-83
-135
-4
-22
-162
-11
-42
-41
-40
-75
-28
-31
6
-75
-68
-122
-154
-190
-156
-132
-149
-108
-134
-63
-140
-105
-135
-79
-10
-71
8
49
3
50
-31
-114
-114
-97
-35
-64
-52
-69
-1
-86
-56
-50
-46
-58
-53
-126
19
-31
-151
-82
-42
-25
-121
-100
-172
-180
-129
-125
-275
-160
-79
-137
-155
-52
-172
-74
-86
-107
-51
-145
-10
-44
-124
-195
-21
-116
-185
-84
-160
-170
-199
-214
-115
-138
-189
-112
-188
-115
-172
-94
-133
-267
-170
-91
-148
-171
-253
-292
-142
-198
-162
-265
-269
-146
-136
-68
-234
-193
-121
-139
-244
-108
-242
-188
-218
-167
-179
-169
-231
-177
-144
-152
-122
-223
-148
-207
-137
-71
-237
-111
-111
-205
-145
-213
-174
-259
-175
-155
-194
-126
-127
-343
-254
-101
-199
-186
-208
-180
-181
-265
-96
-203
-198
-239
-301
-189
-222
-261
-194
-253
-227
-272
-164
-255
-310
-255
-256
-287
-183
-188
-215
-269
-348
-296
-308
-217
-152
-391
-211
-312
-214
-143
-277
-184
-199
-314
-172
-276
-150
-144
-302
-266
-178
-159
-122
-236
-196
-246
-127
-187
-170
-198
-204
-212
-211
-206
-129
-298
-290
-216
-180
-263
-235
-249
-283
-230
-265
-249
-185
-237
-245
-234
-198
-224
-165
-306
-196
-231
-168
-147
-103
-179
-178
-183
-122
-161
-119
-251
-173
-205
-181
-238
-300
-272
-257
-145
-176
-287
-235
-334
-173
-187
-157
-230
-251
-240
-209
-269
-240
-220
-217
-152
-294
-177
-288
-80
-321
-136
-232
-132
-287
-198
-178
-271
-214
-247
-198
-267
-262
-262
-248
-260
-216
-310
-302
-265
-343
-186
-364
-252
-322
-245
-232
-264
-345
-408
-259
-419
-303
-340
-218
-416
-272
-286
-218
-362
-323
-303
-337
-307
-220
-334
-404
-252
-256
-362
-390
-440
-349
-364
-373
-346
-378
-321
-201
-315
-309
-364
-243
-330
-421
-327
-326
-385
-250
-294
-237
-356
-274
-409
-360
-322
-381
-285
-421
-410
-290
-373
-290
-379
-314
-374
-484
-383
-309
-331
-310
-449
-408
-282
-306
-323
-306
-328
-340
-317
-357
-392
-360
-340
-272
-306
-274
-374
-300
-248
-298
-281
-303
-307
-307
-295
-283
-381
-283
-208
-247
-303
-313
-212
-271
-221
-340
-231
-257
-180
-208
-243
-346
-263
-282
-300
-246
-349
-315
-364
-273
-333
-345
-188
-275
-314
-222
-270
-280
-231
-353
-336
-223
-353
-362
-261
-286
-227
-247
-304
-228
-240
-259
-339
-297
-392
-356
-267
-321
-389
-333
-410
-256
-243
-333
-279
-339
-209
-349
-315
-340
-289
-350
-336
-358
-358
-360
-265
-406
-324
-392
-290
-357
-376
-286
-336
-375
-339
-314
-249
-343
-281
-201
-299
-297
-279
-339
-365
-302
-360
-368
-364
-406
-358
-330
-407
-400
-451
-377
-448
-451
-292
-462
-339
-397
-232
-371
-348
-397
-402
-403
-353
-399
-348
-331
-364
-376
-341
-338
-275
-385
-302
-326
-315
-396
-397
-283
-337
-342
-313
-326
-379
-282
-331
-388
-298
-325
-293
-278
-251
-414
-295
-283
-295
-389
-404
-309
-340
-372
-401
-303
-385
-380
-383
-345
-376
-390
-385
-437
-423
-350
-405
-490
-362
-320
-394
-427
-413
-237
-360
-260
-361
-337
-403
-355
-295
-387
-286
-358
-468
-310
-322
-275
-359
-313
-381
-405
-389
-321
-395
-336
-351
-330
-346
-447
-388
-370
-381
-462
-317
-429
-316
-320
-289
-386
-407
-265
-289
-358
-285
-295
-303
-322
-233
-328
-315
-314
-332
-334
-301
-310
-257
-364
-242
-319
-340
-299
-258
-386
-215
-235
-262
-300
-371
-344
-256
-288
-266
-265
-387
-318
-345
-303
-324
-279
-365
-334
-315
-325
-267
-391
-342
-395
-334
-349
-311
-313
-283
-233
-334
-255
-197
-403
-252
-293
-366
-302
-338
-341
-264
-295
-370
-437
-389
-409
-412
-401
-410
-412
-295
-341
-468
-447
-418
-421
-348
-409
-423
-384
-336
-329
-389
-345
-441
-380
-313
-414
-337
-333
-390
-503
-403
-381
-429
-381
-449
-395
-329
-411
-363
-334
-527
-418
-320
-381
-373
-342
-488
-398
-410
-422
-378
-433
-427
-464
-482
-550
-389
-392
-419
-335
-352
-306
-434
-355
-524
-461
-346
-378
-393
-401
-348
-497
-445
-413
-333
-377
-369
-353
-444
-395
-414
-453
-452
-459
-438
-387
-477
-324
-413
-475
-365
-419
-514
-463
-424
-294
-515
-350
-446
-332
-390
-495
-404
-567
-536
-422
-518
-404
-464
-411
-449
-525
-391
-484
-508
-388
-343
-411
-331
-431
-349
-437
-397
-400
-414
-353
-443
-441
-331
-355
-392
-385
-431
-312
-328
-523
-296
-294
-358
-319
-268
-485
-381
-343
-331
-333
-311
-320
-430
-64
23
20
-26
39
31
-47
37
70
18
109
52
76
27
83
78
78
127
52
-67
52
18
-54
68
86
11
11
89
32
44
148
80
-72
64
98
11
66
23
132
-9
31
115
11
70
107
50
108
-39
132
57
5
74
23
20
32
26
118
46
22
6
126
-28
102
52
18
60
15
127
-35
-9
25
-9
67
143
95
-19
35
-50
-9
-71
45
39
-29
-77
-58
39
108
-81
-9
-35
113
31
49
24
46
72
91
287
633
971
1443
1897
2308
2688
3170
3578
3894
4337
4768
5058
5239
5709
6081
6392
6539
6922
7130
7305
7675
7927
7977
8334
8749
8681
8922
9140
9499
9734
9687
10029
10136
10222
10536
10400
10681
10911
10876
11011
11096
11316
11400
11379
11387
11439
11832
11776
11674
11886
11978
12104
12172
12199
12276
12268
12383
12341
12413
12670
12540
12719
12571
12563
12623
12568
12479
12429
12565
12684
12487
12646
12543
12455
12411
12408
12395
12573
12700
12569
12405
12526
12175
12163
12519
12207
12168
12285
12261
12226
12240
12296
12338
12397
12422
12180
12505
12300
12473
12327
12159
12084
11899
11879
12121
12196
12151
11906
11991
11664
11801
11800
11576
11448
11491
11574
11573
11467
11531
11406
11324
11314
11562
11537
11323
11349
11244
11007
11085
11183
10943
10880
10701
10695
10647
10564
10436
10342
10351
10433
10438
10570
10227
10302
10127
10327
10060
10113
10131
10128
9951
9885
9803
9962
9721
9611
9535
9501
9652
9541
9393
9481
9226
9255
9091
9246
9252
9026
8963
9031
8613
8797
8796
8604
8436
8454
8405
8341
8446
8315
8253
8128
8138
8035
8258
7946
7859
7900
7836
7844
7952
7747
7680
7674
7610
7668
7494
7612
7575
7494
7501
7427
7369
7303
7445
7390
7044
7117
7147
7103
6917
7125
7000
6841
6880
6884
6700
6827
6937
6756
6644
6715
6827
6785
6739
6658
6793
6634
6595
6662
6605
6551
6577
6581
6342
6346
6424
6332
6391
6296
6348
6193
6111
6096
5986
6124
6161
6106
5942
5934
5920
5894
5818
5811
5843
5723
5693
5711
5546
5611
5482
5547
5492
5301
5477
5291
5242
5337
5271
5242
5226
5224
5281
5195
5133
5234
5244
5186
5229
5103
5149
5016
4951
5039
4828
4986
5233
4987
5125
5030
5034
4907
4949
4934
4960
4909
4993
4855
4813
4835
4755
4689
4600
4620
4607
4613
4519
4507
4644
4534
4586
4472
4576
4468
4422
4397
4534
4379
4322
4424
4358
4219
4415
4327
4313
4407
4237
4234
4291
4251
4072
4113
4282
4198
4200
4065
4107
4000
4183
4030
3982
4130
4203
4185
4008
4046
4014
4148
3995
3960
3854
3896
3899
3866
3846
3692
3796
3812
3674
3796
3739
3694
3654
3647
3737
3621
3614
3551
3518
3548
3488
3433
3464
3472
3619
3445
3566
3392
3355
3463
3422
3511
3557
3430
3405
3380
3504
3335
3409
3242
3220
3298
3309
3243
3329
3288
3233
3177
3292
3379
3207
3273
3192
3328
3247
3187
3206
3107
3014
3242
3144
3104
3125
3101
3115
2969
2949
3014
3085
2898
2849
2949
2924
3007
2949
2861
2927
2917
2875
2981
2901
2906
2946
2941
2773
2803
2973
2856
2775
2945
2856
2942
2839
2879
2726
2630
2722
2652
2618
2632
2599
2655
2622
2527
2555
2611
2489
2599
2417
2541
2538
2427
2409
2473
2309
2359
2270
2346
2393
2288
2287
2395
2342
2268
2410
2301
2400
2277
2334
2281
2307
2246
2265
2257
2227
2186
2130
2184
2128
2141
2159
2199
2090
2212
2129
2115
2060
2090
2227
2171
2101
1958
2131
2081
2076
2018
1969
1983
1976
2121
1887
1947
2018
2078
2022
2068
1872
1980
1922
1923
2015
1981
1909
1836
1859
1936
1855
1814
1841
1861
1907
1917
1812
1968
1888
1892
1786
1821
1926
1924
1832
1894
1874
2025
1908
1905
1876
1925
1889
1751
1785
1886
1718
1940
1748
1854
1750
1843
1736
1818
1771
1719
1864
1738
1712
1644
1755
1740
1682
1673
1781
1687
1808
1682
1727
1661
1769
1649
1650
1569
1548
1627
1599
1548
1552
1578
1571
1522
1367
1481
1540
1426
1486
1357
1452
1395
1530
1418
1437
1457
1463
1471
1414
1431
1408
1305
1361
1430
1237
1372
1456
1419
1320
1241
1275
1220
1390
1356
1270
1287
1278
1314
1290
1284
1227
1208
1207
1315
1262
1206
1233
1200
1156
1193
1136
1161
1099
1098
1124
1143
1077
1105
1062
1063
1024
1076
1119
1096
1130
1111
1107
1195
1089
1076
1096
1089
1080
1112
1073
1008
973
1100
1005
1142
1047
1062
1054
994
1108
1014
929
961
916
1069
940
1050
974
1004
1020
1014
951
1039
1000
961
978
1033
1088
941
1049
1011
1017
1033
1040
877
1103
1041
879
976
1109
1100
938
884
1026
918
893
979
1036
1030
983
990
1042
1007
927
870
946
936
933
876
820
902
976
870
872
881
895
924
900
766
829
808
862
834
771
847
867
926
706
759
814
793
759
754
636
740
697
742
732
515
552
643
714
675
578
593
596
602
605
587
556
623
704
610
706
664
728
765
659
663
720
691
775
632
564
675
514
599
645
584
565
557
613
521
596
495
557
450
541
522
495
511
558
697
548
506
531
648
628
598
585
419
500
602
484
487
493
488
552
504
569
625
513
579
605
540
489
513
614
530
582
521
575
554
652
661
503
678
567
589
591
649
657
638
581
701
601
642
541
567
563
572
547
472
541
533
567
530
573
604
606
567
523
678
616
544
491
538
641
558
524
509
447
431
553
509
589
403
374
436
315
385
394
364
456
364
380
423
411
340
478
468
421
482
465
495
489
426
499
385
483
513
399
370
364
475
533
473
508
387
481
412
446
357
360
331
352
362
528
328
313
469
399
446
457
322
367
283
319
419
389
507
483
329
391
464
424
407
381
425
406
509
418
362
343
346
307
370
348
309
361
282
347
313
257
315
383
292
306
346
269
340
407
335
342
418
398
320
291
427
376
282
284
213
276
296
251
311
330
216
315
320
209
437
294
304
269
299
273
264
201
75
140
247
242
250
170
238
207
175
104
309
197
201
126
154
103
147
182
203
102
176
87
206
272
140
207
206
155
217
215
200
251
126
157
79
158
374
183
147
197
72
100
144
166
248
184
78
154
205
125
118
69
296
132
162
79
145
72
86
99
-22
39
46
177
185
190
78
174
164
87
139
99
192
99
138
70
184
128
44
63
97
125
267
200
193
171
70
79
103
107
118
42
73
132
149
89
38
-2
43
45
70
83
105
38
37
29
24
6
-75
33
48
56
-19
121
91
109
-29
-10
42
43
-85
-4
30
4
-78
126
19
141
57
81
-27
143
18
80
39
52
71
100
30
72
92
-11
85
153
21
67
40
93
-21
56
83
106
139
197
73
58
85
68
2
24
87
7
-43
-50
-29
9
82
51
52
4
8
-17
5
33
8
92
12
22
-22
19
-48
53
-16
-24
142
85
-104
94
44
120
82
23
101
60
137
42
79
61
19
-28
0
16
84
159
107
61
42
60
39
13
-53
66
139
36
58
78
104
-5
57
118
80
12
46
64
36
-15
73
20
52
2
86
93
92
47
65
60
27
80
-29
35
42
-67
-24
56
79
33
38
36
31
-8
-18
-38
-10
-18
-41
5
-60
25
-64
-16
-24
-43
-120
-6
54
34
-6
32
35
-83
84
-24
-90
-81
24
-129
-91
-55
-103
-25
-45
12
-123
-37
-145
-93
-82
-27
-90
-25
-155
35
49
27
42
73
-20
-92
44
-58
-114
-116
-40
45
-34
-84
65
-84
40
-47
-50
-84
-62
-74
-28
-44
19
0
-38
144
-43
49
-114
-19
-67
39
-43
-135
-72
-90
26
-39
-170
-81
-139
-52
-14
-72
-100
-124
-42
-111
-69
-109
-259
-129
-85
-85
-65
-165
-158
-129
-188
-56
-180
-141
-144
-230
-129
-105
-137
-104
-186
-135
-171
-88
-256
-97
-152
-196
-69
-117
-152
-131
-149
-129
-177
-214
-273
-356
-230
-236
-204
-158
-286
-115
-63
-115
-152
-154
-309
-227
-90
-84
-170
-139
20
-107
-170
-127
-63
-209
-196
-197
-213
-156
-50
-125
-148
-137
-176
-149
-173
-78
-193
-112
-110
-8
-107
-164
-155
-31
-135
7
-14
-175
-59
-119
-77
-70
-127
-111
-155
22
-39
-36
-93
-38
-143
40
-98
-131
-104
-169
-189
-92
-131
-45
-155
-34
-22
-81
-38
-65
-48
-58
-192
-212
-195
-186
-129
-131
-123
-103
-159
-39
-77
-99
-40
-131
-144
-60
-50
-231
-154
-123
-86
-97
-121
-90
-247
-67
45
-187
-185
-240
-230
-117
-22
-137
-183
-116
-76
-226
-245
-138
-156
-187
-202
-168
-138
-204
-206
-213
-220
-204
-262
-146
-75
-130
-181
-184
-244
-100
-113
-228
-185
-218
-138
-153
-214
-217
-256
-141
-310
-122
-290
-175
-219
-219
-205
-259
-234
-135
-186
-97
-216
-323
-172
-168
-198
-162
-282
-172
-228
-163
-156
-243
-238
-249
-280
-133
-126
-107
-180
-191
-257
-129
-186
-247
-204
-18
-151
-174
-166
-117
-129
-125
-54
-79
-52
-133
-173
-162
-125
-145
-99
-243
-109
-119
-161
-198
-175
-9
-234
-96
-189
-181
-263
-188
-219
-281
-273
-203
-151
-195
-137
-254
-242
-236
-193
-271
-193
-157
-300
-149
-238
-259
-205
-310
-213
-298
-158
-244
-256
-272
-272
-167
-286
-275
-307
-198
-163
-294
-160
-333
-253
-269
-224
-252
-248
-228
-246
-194
-161
-346
-172
-168
-298
-128
-205
-237
-221
-147
-153
-203
-269
-127
-171
-145
-137
-268
-229
-205
-164
-180
-250
-188
-234
-187
-230
-206
-152
-230
-184
-201
-90
-193
-308
-209
-225
-75
-172
-193
-243
-196
-194
-287
-178
-242
-311
-244
-322
-244
-302
-274
-275
-307
-296
-180
-191
-259
-153
-263
-151
-224
-236
-326
-285
-341
-281
-211
-228
-194
-267
-355
-276
-286
-236
-199
-319
-284
-282
-183
-245
-177
-234
-268
-194
-201
-277
-272
-190
-335
-253
-231
-161
-201
-206
-253
-185
-84
-210
-206
-290
-212
-193
-230
-181
-114
-157
-253
-115
-170
-136
-265
-184
-180
-164
-181
-215
-209
-121
-212
-122
-277
-364
-231
-188
-207
-346
-217
-362
-225
-323
-255
-200
-156
-267
-402
-223
-321
-212
-290
-169
-245
-227
-177
-316
-189
-214
-316
-265
-197
-237
-162
-109
-256
-177
-203
-164
-176
-314
-197
-181
-264
-180
-196
-199
-291
-266
-230
-142
-239
-271
-236
-162
-207
-209
-185
-262
-272
-269
-193
-222
-204
-178
-356
-242
-192
-311
-152
-318
-189
-188
-295
-99
-225
-370
-338
-230
-271
-276
-285
-268
-320
-281
-254
-207
-260
-262
-286
-191
-93
-272
-236
-256
-142
-296
-209
-303
-268
-366
-248
-221
-245
-216
-209
-183
-290
-211
-217
-254
-265
-202
-321
-187
-269
-286
-263
-287
-270
-288
-324
-228
-263
-423
-392
-249
-205
-242
-348
-219
-295
-302
-423
-264
-217
-198
-298
-163
-314
-229
-260
-243
-127
-237
-215
-142
-267
-286
-152
-282
-321
-234
-230
-302
-229
-232
-185
-314
-253
-147
-201
-109
-165
-236
-130
-148
-219
-170
-263
-222
-165
-198
-253
-144
-275
-189
-297
-344
-160
-171
-212
-270
-193
-274
-204
-171
-254
-153
-205
-182
-249
-236
-350
-280
-284
-225
-276
-289
-280
-195
-380
-274
-222
-302
-267
-232
-279
-241
-318
-295
-207
-388
-272
-256
-216
-253
-305
-307
-390
-427
-365
-326
-342
-414
-288
-508
-353
-406
-449
-372
-319
-294
-285
-334
-442
-385
-314
-286
-336
-282
-417
-276
-361
-352
-340
-252
-328
-357
-307
-302
-232
-296
-292
-280
-290
-362
-327
-240
-379
-317
-229
-363
-342
-366
-314
-298
-328
-249
-397
-308
-395
-337
-363
-289
-335
-287
-346
-332
-311
-237
-462
-332
-312
-227
-311
-351
-351
-351
-399
-343
-370
-408
-306
-382
-353
-402
-396
-380
-295
-431
-414
-431
-332
-316
-341
-320
-346
-463
-375
-442
-439
-418
-440
-438
-234
321
1553
2897
4397
5660
6795
7814
8740
9491
9983
10660
11397
11728
12181
12539
12734
13462
13719
13991
14607
14607
14607
14607
14607
14607
14607
14607
14607
14607
14607
14607
14607
14607
14607
14607
14607
14607
14607
14607
14607
14607
14607
14607
14607
14607
14607
14607
14607
14607
14607
14607
14607
14607
14607
14607
14607
14607
14607
14607
14607
14607
14607
14607
14607
14607
14607
14607
14607
14607
14607
14607
14607
14607
14607
14607
14607
14607
14607
14607
14607
14607
14607
14607
14607
14607
14607
14607
14607
14607
14607
14607
14607
14607
14607
14607
14607
14607
14607
14607
14607
14607
14607
14607
14607
14607
14607
14607
14607
14607
14607
14607
14607
14607
14607
14607
14607
14607
14607
14607
14607
14607
14607
14607
14607
14607
14607
14607
14607
14607
14607
14607
14607
14607
14607
14607
14607
14607
14607
14607
14607
14607
14607
14607
14607
14607
14607
14607
14607
14607
14607
14607
14607
14607
14607
14607
14607
14607
14607
14607
14607
14607
14607
14607
14607
14607
14607
14607
14607
14607
14607
14607
14529
14456
14528
14597
14267
14588
13915
13993
13904
13791
14023
13677
13748
13913
13745
13566
13604
13545
13455
13538
13432
13291
13098
13261
13172
13213
13052
12966
12998
12755
12848
12963
12847
12737
12864
12602
12553
12646
12544
12592
12425
12349
12168
12120
12193
12085
12123
12232
12145
12143
11879
11973
11776
11982
11842
11782
11733
11719
11603
11483
11596
11379
11249
11236
11456
11150
11232
11175
11116
10932
10989
10833
10732
10772
10817
10638
10573
10679
10424
10323
10395
10257
10289
10096
10219
10352
9999
9961
10168
9792
9797
10030
9927
9949
9869
9878
9791
9891
9634
9582
9426
9481
9491
9504
9563
9486
9236
9130
9241
9216
9252
9377
9193
8975
8913
9037
8951
8875
8883
8809
8903
8848
8815
8866
8862
8761
8690
8567
8511
8751
8537
8439
8432
8340
8310
8269
8152
8122
8408
8420
8290
8302
8606
8782
9369
9454
10045
10451
10864
11240
11523
12067
12258
12568
12950
12959
13433
13885
13947
14393
14462
14607
14607
14607
14607
14607
14607
14607
14607
14607
14607
14607
14607
14607
14607
14607
14607
14607
14607
14607
14607
14607
14607
14607
14607
14607
14607
14607
14607
14607
14607
14607
14607
14607
14607
14607
14607
14607
14607
14607
14607
14607
14607
14607
14607
14607
14607
14607
14607
14607
14607
14607
14607
14607
14607
14607
14607
14607
14607
14607
14607
14607
14607
14607
14607
14607
14607
14607
14607
14607
14607
14607
14607
14607
14607
14607
14607
14607
14607
14607
14607
14607
14607
14607
14607
14607
14607
14607
14607
14607
14607
14607
14607
14607
14607
14607
14607
14607
14607
14607
14607
14607
14607
14607
14607
14607
14607
14607
14607
14607
14607
14607
14607
14607
14607
14607
14607
14607
14607
14607
14559
14458
14607
14323
14438
14367
14384
14110
13988
14233
13964
13684
13728
13515
13607
13490
13286
13121
13022
13098
13228
12844
12732
12726
13011
12950
12787
12847
12844
12748
12709
12630
12511
12157
12176
12122
12096
12175
11935
12019
12040
11863
11963
11854
11582
11554
11436
11488
11433
11455
11350
11211
11390
11251
11030
11083
11181
10960
11009
11058
10760
10770
10733
10976
10469
10575
10720
10581
10392
10561
10603
10196
10276
10313
10185
10006
10128
9983
9904
9745
9871
9688
9890
9853
9806
9723
9502
9459
9676
9438
9576
9368
9229
9395
9101
9509
9161
9066
9029
9069
8980
9016
9055
8942
8761
8748
8704
8706
8714
8807
8769
8586
8616
8549
8599
8616
8572
8522
8527
8394
8502
8567
8270
8142
8264
8414
8234
8159
8069
8094
7978
7909
7839
7809
7800
7809
7734
7652
7720
7500
7643
7604
7372
7382
7323
7281
7230
7150
7087
6837
6941
7155
6979
6885
6806
6805
6787
6809
6754
6583
6539
6636
6708
6621
6561
6658
6351
6407
6536
6571
6604
6542
6262
6372
6302
6284
6214
6314
6191
6147
6055
6210
6332
6151
6064
6173
6018
5997
5863
5944
5870
5744
5817
5777
5807
5737
5922
5802
5734
5720
5737
5632
5683
5723
5641
5708
5482
5493
5608
5573
5474
5346
5437
5404
5458
5210
5203
5216
5325
5176
5195
5207
5116
5081
5163
5149
4958
5119
5067
4889
5047
4992
5170
5099
5097
5000
5062
5045
5099
4863
4945
4979
4910
4912
4810
4936
4838
4939
4812
4912
4768
4809
4675
4827
4643
4606
4669
4781
4562
4715
4655
4704
4494
4532
4541
4526
4610
4465
4412
4410
4361
4278
4242
4452
4306
4245
4226
4380
4355
4216
4203
4274
4185
4199
4245
4156
4105
4232
4061
4086
4195
4009
3947
3855
3792
3919
3882
3971
3732
3740
3769
3810
3713
3788
3747
3850
3864
3864
3768
3737
3799
3905
3855
3720
3777
3697
3794
3671
3625
3687
3579
3474
3572
3546
3550
3495
3388
3398
3492
3419
3357
3326
3198
3248
3208
3136
3261
3220
3137
3076
3039
3144
3013
3026
2843
2914
2793
2948
2986
2892
2991
2896
3002
2891
2897
2934
2779
2960
2847
2972
2817
2741
2819
2845
2848
2923
2987
2890
2918
2733
2903
2738
2639
2720
2827
2699
2725
2639
2640
2720
2650
2524
2553
2650
2646
2664
2518
2443
2520
2504
2517
2444
2449
2453
2425
2497
2484
2454
2539
2487
2445
2523
2464
2465
2533
2438
2398
2428
2422
2464
2383
2466
2252
2296
2316
2359
2358
2280
2330
2318
2216
2260
2131
2239
2279
2278
2296
1968
2253
2059
2095
2102
1983
1937
2150
2021
2034
2183
1910
1929
2059
1888
2047
2081
1939
1901
1890
1747
1820
1930
1846
1862
1927
1887
1852
1790
1787
1767
1877
1784
1758
1810
1834
1726
1713
1841
1706
1715
1685
1679
1617
1710
1564
1610
1709
1652
1592
1696
1695
1648
1553
1584
1591
1583
1638
1762
1683
1685
1609
1615
1668
1694
1628
1634
1569
1535
1493
1472
1573
1462
1548
1473
1442
1439
1506
1501
1510
1485
1411
1454
1510
1453
1398
1346
1510
1489
1385
1449
1425
1277
1363
1348
1347
1333
1218
1320
1474
1300
1431
1254
1305
1416
1330
1249
1225
1184
1220
1201
1155
1140
1255
1194
1162
1137
1219
1111
1143
1075
1067
1122
1169
1060
1023
1168
1043
1101
1093
1115
1079
963
939
1034
933
1094
954
944
1035
1049
1061
1014
949
920
993
921
998
891
1023
1089
1068
1035
935
950
993
972
1005
920
957
987
965
962
848
871
993
844
828
761
839
870
763
775
768
820
812
891
943
602
764
668
769
606
730
771
660
716
647
605
754
664
679
654
651
647
694
596
640
574
643
688
605
647
734
648
605
654
719
580
647
535
619
554
487
564
617
600
527
543
625
541
430
415
494
445
523
396
500
311
485
373
346
335
361
433
417
431
381
403
263
416
370
253
319
202
186
253
295
388
263
306
332
290
345
407
421
322
287
272
363
284
328
318
390
369
375
261
292
372
254
345
190
118
289
225
267
361
195
246
283
219
119
288
161
261
163
164
73
217
129
161
142
173
236
120
191
128
187
134
278
235
257
331
202
210
274
278
317
282
330
369
182
227
280
261
255
163
134
247
151
165
132
143
120
39
79
78
3
108
125
0
130
144
94
0
46
39
-65
-30
-107
2
1
-62
-12
-36
19
-45
27
-33
84
115
-34
62
92
69
20
3
-66
-16
-121
-142
40
-40
17
8
-99
-118
-129
19
-167
-169
-96
-108
-73
-15
-142
-110
-160
-155
-79
-58
-75
-83
-47
-59
1
-68
-104
-44
-23
-121
-73
-155
-173
-115
-291
-233
-114
-179
-63
-183
-114
-174
-141
-133
-196
-62
-260
-178
-105
-136
-203
-154
-111
-151
-240
-216
-262
-324
-294
-270
-216
-324
-199
-367
-285
-201
-353
-264
-361
-282
-153
-308
-319
-299
-346
-247
-281
-292
-297
-428
-291
-314
-377
-251
-332
-406
-333
-438
-279
-286
-322
-345
-394
-397
-319
-325
-473
-312
-385
-327
-425
-451
-374
-345
-328
-422
-433
-411
-513
-409
-418
-364
-348
-357
-455
-401
-324
-410
-376
-415
-432
-525
-531
-428
-456
-379
-465
-519
-624
-424
-392
-449
-410
-373
-559
-417
-468
-567
-587
-525
-486
-527
-412
-415
-362
-434
-438
-447
-501
-396
-537
-519
-512
-544
-441
-616
-593
-595
-516
-575
-562
-532
-517
-532
-619
-574
-494
-645
-557
-499
-634
-630
-623
-607
-685
-621
-532
-627
-592
-657
-555
-637
-505
-538
-541
-495
-580
-601
-492
-595
-638
-479
-577
-513
-515
-593
-616
-581
-661
-689
-581
-721
-641
-663
-697
-647
-773
-630
-699
-646
-611
-684
-539
-632
-654
-571
-699
-701
-640
-673
-700
-640
-764
-747
-627
-607
-648
-504
-631
-548
-536
-537
-455
-514
-537
-511
-594
-525
-451
-477
-475
-532
-456
-452
-457
-451
-481
-491
-483
-495
-427
-380
-530
-366
-510
-331
-446
-400
-450
-490
-436
-468
-635
-505
-581
-465
-603
-529
-548
-468
-469
-467
-462
-458
-476
-491
-395
-439
-386
-660
-454
-455
-455
-583
-501
-561
-583
-587
-591
-590
-497
-509
-574
-617
-598
-514
-665
-607
-582
-657
-642
-555
-630
-653
-579
-509
-574
-679
-593
-592
-569
-676
-576
-557
-637
-580
-661
-609
-494
-658
-628
-628
-613
-649
-708
-686
-618
-613
-697
-746
-636
-620
-507
-625
-608
-639
-650
-669
-678
-569
-696
-523
-667
-646
-673
-551
-567
-630
-575
-484
-583
-555
-634
-534
-600
-664
-609
-727
-613
-666
-818
-713
-813
-826
-771
-759
-771
-858
-810
-760
-694
-697
-744
-745
-715
-712
-673
-632
-798
-699
-739
-784
-772
-676
-769
-819
-767
-691
-836
-739
-830
-914
-733
-802
-756
-759
-694
-888
-779
-669
-824
-778
-773
-801
-733
-736
-785
-728
-796
-769
-684
-892
-756
-755
-853
-877
-778
-862
-803
-833
-807
-775
-834
-814
-775
-700
-749
-841
-806
-904
-874
-829
-732
-735
-719
-828
-864
-903
-790
-886
-894
-796
-804
-711
-798
-744
-848
-894
-821
-865
-836
-828
-844
-942
-936
-792
-885
-884
-977
-1024
-957
-966
-950
-985
-960
-980
-1076
-1111
-945
-927
-1046
-1017
-966
-1000
-935
-961
-999
-998
-995
-1024
-1063
-1043
-969
-884
-982
-944
-964
-958
-939
-929
-1051
-934
-965
-1000
-967
-1002
-1046
-1068
-998
-990
-1040
-1039
-930
-996
-1003
-1092
-1003
-951
-984
-999
-981
-995
-872
-1067
-932
-919
-971
-952
-905
-934
-954
-905
-1046
-1031
-1067
-942
-1007
-1002
-1002
-1003
-1038
-865
-989
-976
-999
-903
-998
-1003
-1034
-968
-989
-1075
-944
-994
-1041
-1064
-992
-1032
-947
-1016
-1056
-1078
-1154
-1011
-1037
-995
-1017
-1096
-1037
-987
-943
-1034
-1076
-1059
-998
-1098
-1008
-1014
-1016
-1113
-1029
-998
-955
-1069
-1150
-963
-1050
-1070
-1121
-1110
-986
-1102
-1022
-877
-952
-1004
-1039
-973
-1032
-980
-953
-865
-931
-1006
-899
-1039
-1115
-957
-1021
-1030
-1045
-1050
-1102
-1118
-966
-949
-833
-1033
-1022
-1053
-1002
-1023
-1081
-1041
-962
-1040
-1011
-1009
-858
-823
-897
-910
-860
-991
-949
-972
-922
-858
-862
-927
-890
-965
-895
-958
-834
-838
-868
-994
-973
-899
-923
-1005
-926
-942
-1056
-1010
-985
-962
-854
-990
-933
-838
-796
-917
-971
-896
-779
-996
-970
-903
-856
-813
-768
-810
-822
-874
-924
-975
-904
-927
-951
-871
-803
-919
-930
-834
-929
-944
-764
-1027
-976
-934
-990
-946
-818
-891
-824
-963
-857
-922
-948
-986
-921
-903
-995
-973
-950
-903
-926
-926
-994
-1032
-1074
-1008
-1059
-1033
-1107
-912
-903
-1036
-1012
-980
